chr	start	end	value
chr1A	4095991	4095992	0.017469213
chr1A	10133030	10133031	-0.103516733
chr1A	10159196	10159197	0
chr1A	10211151	10211152	0.025171509
chr1A	13673457	13673458	-0.062529127
chr1A	14109006	14109007	-0.054653405
chr1A	41741955	41741956	-0.068289769
chr1A	45635068	45635069	-0.073764367
chr1A	57204936	57204937	-0.04037962
chr1A	64836323	64836324	0.004117987
chr1A	74103229	74103230	-0.042096909
chr1A	80298098	80298099	-0.034243622
chr1A	82527044	82527045	0.017832022
chr1A	84729627	84729628	-0.061115347
chr1A	89406172	89406173	-0.120547581
chr1A	102367178	102367179	-0.116991047
chr1A	103321712	103321713	-0.30351724
chr1A	106229819	106229820	-0.233592428
chr1A	114060707	114060708	-0.148252705
chr1A	137234644	137234645	-0.00052801
chr1A	173961471	173961472	-0.043401168
chr1A	218522949	218522950	-0.027150836
chr1A	247344218	247344219	0.11600051
chr1A	259065126	259065127	0.265151515
chr1A	268934360	268934361	0.255885438
chr1A	269581470	269581471	0.022324336
chr1A	286007123	286007124	-0.010676103
chr1A	294040918	294040919	-0.027364338
chr1A	311367035	311367036	-0.044224304
chr1A	320154863	320154864	-0.092823129
chr1A	337150757	337150758	-0.26231203
chr1A	338589694	338589695	-0.073611111
chr1A	338595330	338595331	-0.099338624
chr1A	362865669	362865670	-0.047746971
chr1A	375467640	375467641	-0.050061786
chr1A	385354326	385354327	0.190678955
chr1A	390639130	390639131	0.084928408
chr1A	427395003	427395004	0.020376825
chr1A	430180246	430180247	-0.028718656
chr1A	446543353	446543354	-0.174101051
chr1A	455819372	455819373	-0.216020243
chr1A	458217053	458217054	-0.164354984
chr1A	460674795	460674796	-0.11786367
chr1A	463930722	463930723	-0.125655877
chr1A	465454315	465454316	-0.106324482
chr1A	474700633	474700634	-0.115139588
chr1A	477738932	477738933	-0.153336069
chr1A	485355783	485355784	-0.057758198
chr1A	486342711	486342712	-0.056863887
chr1A	493510435	493510436	-0.035829733
chr1A	494718813	494718814	-0.039123541
chr1A	511405101	511405102	-0.12388834
chr1A	513662169	513662170	-0.073042929
chr1A	516563723	516563724	0.002890827
chr1A	517105791	517105792	-0.055684052
chr1A	518981436	518981437	0.059644895
chr1A	538805151	538805152	0.118219774
chr1A	539757057	539757058	0.096871345
chr1A	540403840	540403841	0.229952153
chr1A	541996126	541996127	0.229206539
chr1A	542002914	542002915	0.275471868
chr1A	544177108	544177109	0.310943359
chr1A	545417493	545417494	0.295467169
chr1A	545524500	545524501	0.349360132
chr1A	547017499	547017500	0.21688038
chr1A	547277436	547277437	0.182045181
chr1A	549314234	549314235	0.106394997
chr1A	552164883	552164884	0.054014131
chr1A	564749208	564749209	-0.00685944
chr1A	566481311	566481312	0.029793907
chr1A	574475119	574475120	0.011111111
chr1A	583660006	583660007	0.016575092
chr1A	589028206	589028207	-0.016758242
chr1A	592324451	592324452	-0.081573057
chr1A	592833383	592833384	-0.167287342
chr1B	173239	173240	-0.218470277
chr1B	2356819	2356820	-0.185136944
chr1B	3047593	3047594	-0.120322129
chr1B	4111309	4111310	0.015094538
chr1B	4111843	4111844	0.061011905
chr1B	5160037	5160038	0.030708874
chr1B	8559126	8559127	0.030708874
chr1B	10060661	10060662	-0.00232684
chr1B	10097986	10097987	-0.00530303
chr1B	11407728	11407729	0.098809524
chr1B	12388143	12388144	0.070153397
chr1B	15292520	15292521	0.045153397
chr1B	16215072	16215073	0.045153397
chr1B	17250926	17250927	-0.037910489
chr1B	17255328	17255329	-0.067587696
chr1B	17891669	17891670	-0.067587696
chr1B	30882589	30882590	-0.061904762
chr1B	38832166	38832167	0.009225343
chr1B	47626690	47626691	-0.088202134
chr1B	49934547	49934548	-0.048519594
chr1B	70191832	70191833	0.018493932
chr1B	90710830	90710831	0.085365854
chr1B	115286266	115286267	-0.08795032
chr1B	119767817	119767818	-0.060560579
chr1B	135943520	135943521	-0.124191612
chr1B	170575830	170575831	-0.162278807
chr1B	183483528	183483529	-0.109162834
chr1B	185223081	185223082	-0.131231662
chr1B	238673665	238673666	-0.113606013
chr1B	263946775	263946776	-0.105736564
chr1B	265647538	265647539	-0.107919976
chr1B	268286871	268286872	-0.098398308
chr1B	277440451	277440452	-0.065931598
chr1B	314743931	314743932	-0.118894515
chr1B	316761509	316761510	-0.127441524
chr1B	330503636	330503637	-0.137931034
chr1B	331417739	331417740	0.071428571
chr1B	334240541	334240542	-0.021802163
chr1B	334317743	334317744	-0.016351623
chr1B	335973382	335973383	-0.016351623
chr1B	340372846	340372847	-0.101173051
chr1B	340464665	340464666	-0.03125
chr1B	342122889	342122890	-0.055059524
chr1B	344002410	344002411	-0.055059524
chr1B	350794922	350794923	-0.023809524
chr1B	359203196	359203197	-0.023809524
chr1B	361012796	361012797	-0.052358012
chr1B	364949818	364949819	-0.131061716
chr1B	378409825	378409826	-0.223690895
chr1B	385172732	385172733	-0.333809943
chr1B	388014508	388014509	-0.281451931
chr1B	389981501	389981502	-0.202748227
chr1B	394638971	394638972	-0.110119048
chr1B	397431612	397431613	-0.0625
chr1B	403976784	403976785	-0.080017518
chr1B	409672717	409672718	-0.080017518
chr1B	413204553	413204554	-0.100820677
chr1B	420361177	420361178	-0.038320677
chr1B	421092956	421092957	-0.02080316
chr1B	421673139	421673140	-0.02080316
chr1B	434089027	434089028	0
chr1B	444687965	444687966	-0.039569472
chr1B	476342459	476342460	-0.079459823
chr1B	480838799	480838800	-0.162793156
chr1B	484464881	484464882	-0.185403856
chr1B	491250685	491250686	-0.16880447
chr1B	492307142	492307143	-0.149124717
chr1B	505629055	505629056	-0.104143656
chr1B	509901369	509901370	-0.159614189
chr1B	516951525	516951526	-0.139656151
chr1B	517907052	517907053	-0.119445553
chr1B	518800823	518800824	-0.081093281
chr1B	520361114	520361115	-0.040302626
chr1B	543580345	543580346	-0.094201147
chr1B	548541241	548541242	-0.141290333
chr1B	553153379	553153380	-0.043950514
chr1B	563025710	563025711	0.054945055
chr1B	563305711	563305712	-0.049850898
chr1B	565751748	565751749	-0.104662504
chr1B	592171959	592171960	-0.103978257
chr1B	604553031	604553032	-0.235978456
chr1B	616131697	616131698	-0.236538333
chr1B	621272338	621272339	-0.035896495
chr1B	621580470	621580471	0.033116656
chr1B	623731305	623731306	0.212948242
chr1B	631718052	631718053	0.135235657
chr1B	636679891	636679892	-0.01078707
chr1B	638035689	638035690	-0.017500514
chr1B	645141955	645141956	-0.133568052
chr1B	645888065	645888066	-0.125317937
chr1B	664285611	664285612	-0.165798833
chr1B	670385071	670385072	-0.168643384
chr1B	673642276	673642277	-0.155333199
chr1B	674499861	674499862	-0.14715657
chr1B	676203761	676203762	-0.09180825
chr1B	676271976	676271977	-0.062627282
chr1B	681552915	681552916	0.063414384
chr1B	683411462	683411463	0.102921878
chr1B	683485115	683485116	0.116288719
chr1B	689221614	689221615	-0.115106332
chr2A	4169546	4169547	-0.210622711
chr2A	4313036	4313037	-0.247807018
chr2A	12327213	12327214	-0.201006778
chr2A	14811691	14811692	-0.046175205
chr2A	15528878	15528879	-0.017901396
chr2A	24174869	24174870	-0.001426385
chr2A	30458116	30458117	0.148340515
chr2A	31785613	31785614	0.173738659
chr2A	32497290	32497291	0.225226754
chr2A	37083818	37083819	0.204428434
chr2A	55554917	55554918	0.09001507
chr2A	58867945	58867946	-0.04854798
chr2A	62369471	62369472	-0.112752525
chr2A	63691154	63691155	-0.087752525
chr2A	65520629	65520630	-0.107954545
chr2A	68879221	68879222	-0.018902258
chr2A	70976440	70976441	0.01315943
chr2A	73170606	73170607	0.018594213
chr2A	76344773	76344774	0.079896895
chr2A	77798349	77798350	0.100427941
chr2A	86443155	86443156	0.102114449
chr2A	88287244	88287245	0.087692738
chr2A	102031835	102031836	0.062711171
chr2A	103985057	103985058	0.036461171
chr2A	105408063	105408064	0.056582553
chr2A	105630325	105630326	0.015138446
chr2A	118446189	118446190	-0.027274426
chr2A	122009062	122009063	-0.027274426
chr2A	130724366	130724367	-0.015571613
chr2A	131707648	131707649	0.034859421
chr2A	141897730	141897731	0.040951178
chr2A	144861172	144861173	0.007401395
chr2A	160845398	160845399	-0.038179413
chr2A	167950947	167950948	-0.038179413
chr2A	170469903	170469904	-0.038179413
chr2A	171611670	171611671	-0.00462963
chr2A	172216700	172216701	0
chr2A	178573524	178573525	0.028677463
chr2A	195818412	195818413	-0.075489204
chr2A	197088513	197088514	-0.082235236
chr2A	203905042	203905043	-0.044040791
chr2A	211915106	211915107	-0.072718254
chr2A	258350708	258350709	0.036256105
chr2A	272967817	272967818	0.043002137
chr2A	277600246	277600247	0.014136051
chr2A	278918636	278918637	0.014136051
chr2A	283950500	283950501	0.0134402
chr2A	319037617	319037618	-0.006446163
chr2A	334590695	334590696	-0.03615188
chr2A	360425050	360425051	0.08884812
chr2A	362049004	362049005	0.134736278
chr2A	367658089	367658090	0.154622642
chr2A	378849964	378849965	0.166904762
chr2A	384893323	384893324	0.058409091
chr2A	389223720	389223721	-0.012424242
chr2A	390888748	390888749	-0.047191758
chr2A	391872851	391872852	-0.03909652
chr2A	394752133	394752134	-0.077530673
chr2A	453512871	453512872	-0.05669734
chr2A	467224980	467224981	-0.055163952
chr2A	471516905	471516906	-0.063497285
chr2A	499578946	499578947	-0.039944084
chr2A	501843262	501843263	-0.039944084
chr2A	507697158	507697159	-0.009866522
chr2A	511123670	511123671	-0.070851371
chr2A	519403393	519403394	-0.005167055
chr2A	520562497	520562498	-0.03457882
chr2A	522497105	522497106	-0.065245784
chr2A	524145904	524145905	0.017429253
chr2A	526302238	526302239	-0.045568094
chr2A	535414946	535414947	0.044557956
chr2A	535713088	535713089	0.080613628
chr2A	542455034	542455035	0.083928571
chr2A	543184127	543184128	0.025114078
chr2A	553269851	553269852	0.090286036
chr2A	554519997	554519998	0.075669072
chr2A	563770067	563770068	0.022097644
chr2A	564264267	564264268	0.013629311
chr2A	568415139	568415140	-0.0374818
chr2A	570930947	570930948	-0.045436345
chr2A	574975139	574975140	0.008076727
chr2A	576074341	576074342	-5.83567E-05
chr2A	581942166	581942167	-7.78089E-05
chr2A	593302928	593302929	0
chr2A	600916424	600916425	0
chr2A	611304801	611304802	-0.043710692
chr2A	612422030	612422031	-0.038251565
chr2A	612847732	612847733	-0.038251565
chr2A	615739783	615739784	-0.038251565
chr2A	623941955	623941956	0.001779881
chr2A	642201463	642201464	-0.05231828
chr2A	642908968	642908969	-0.058270661
chr2A	654908017	654908018	-0.050844016
chr2A	657810186	657810187	-0.002370582
chr2A	660284362	660284363	0.000291441
chr2A	662333767	662333768	-0.049461076
chr2A	666555569	666555570	-0.155924717
chr2A	670234664	670234665	-0.123685259
chr2A	678125014	678125015	-0.038995395
chr2A	679976754	679976755	0.083917545
chr2A	681094047	681094048	0.071314103
chr2A	687313572	687313573	-0.003728414
chr2A	688621454	688621455	-0.002796311
chr2A	688629284	688629285	-0.079719388
chr2A	692039780	692039781	0.021530612
chr2A	699874418	699874419	0.061908365
chr2A	705847297	705847298	-0.037297984
chr2A	715415853	715415854	-0.201952868
chr2A	718383623	718383624	-0.125833333
chr2A	723061913	723061914	-0.062149758
chr2A	724620346	724620347	-0.090729541
chr2A	729823036	729823037	-0.118047156
chr2A	729835481	729835482	-0.205547156
chr2A	733927002	733927003	-0.254631224
chr2A	734629911	734629912	-0.237803085
chr2A	739253525	739253526	-0.245460742
chr2A	739431672	739431673	-0.189210742
chr2A	746599255	746599256	-0.075535881
chr2A	746620732	746620733	0.08467433
chr2A	748444113	748444114	0.128018145
chr2A	750953746	750953747	0.171121593
chr2A	754358606	754358607	0.016558589
chr2A	755788109	755788110	0.01693458
chr2A	758403523	758403524	-0.036986565
chr2A	759464233	759464234	0.022537245
chr2A	760599679	760599680	0.080959498
chr2A	765374366	765374367	0.114403409
chr2A	771191868	771191869	0.198181818
chr2A	771242255	771242256	-0.000709807
chr2A	771340514	771340515	0.01672609
chr2A	771772859	771772860	-0.048458725
chr2A	777521389	777521390	-0.073079937
chr2B	4472737	4472738	0.024951662
chr2B	8133536	8133537	0.002094889
chr2B	13274144	13274145	0.051045938
chr2B	13481537	13481538	0.127290526
chr2B	18932814	18932815	0.107460898
chr2B	19102621	19102622	0.088911584
chr2B	19414370	19414371	0.084400306
chr2B	23541962	23541963	-0.024178682
chr2B	27617152	27617153	-0.296346169
chr2B	27720899	27720900	-0.246606749
chr2B	28884882	28884883	-0.188524042
chr2B	57779041	57779042	-0.241585267
chr2B	58826388	58826389	0.042940846
chr2B	88179131	88179132	0.034375562
chr2B	93933339	93933340	-0.026014048
chr2B	110466288	110466289	0.047107391
chr2B	134243036	134243037	0.016818301
chr2B	139354229	139354230	0.022121331
chr2B	154903218	154903219	0.09860076
chr2B	165506612	165506613	0.061130057
chr2B	166611366	166611367	0.174908989
chr2B	175647823	175647824	0.111083231
chr2B	186375027	186375028	0.076982692
chr2B	189503317	189503318	0.017580982
chr2B	189623602	189623603	0.02739899
chr2B	194642708	194642709	-0.023581402
chr2B	200569039	200569040	0.036809823
chr2B	206119065	206119066	0.001889189
chr2B	228758843	228758844	-0.134588435
chr2B	239846409	239846410	-0.118478101
chr2B	246363940	246363941	-0.042287625
chr2B	359862847	359862848	-0.010750361
chr2B	367789265	367789266	-0.01155266
chr2B	369501656	369501657	-0.037147898
chr2B	371562213	371562214	0.017140267
chr2B	375537369	375537370	-0.014579997
chr2B	378682710	378682711	0.095159892
chr2B	384671383	384671384	0.114099286
chr2B	387081512	387081513	0.070128582
chr2B	401150438	401150439	0.109559885
chr2B	404745207	404745208	0.128309885
chr2B	409343534	409343535	0.2188943
chr2B	415444054	415444055	0.242836099
chr2B	416186421	416186422	0.198194833
chr2B	417081055	417081056	0.108329969
chr2B	453811147	453811148	0.018541166
chr2B	464467048	464467049	0.198373098
chr2B	465133972	465133973	0.138482773
chr2B	478190327	478190328	0.128024221
chr2B	481119514	481119515	0.053894933
chr2B	485926282	485926283	0.090747935
chr2B	491023461	491023462	0.048611111
chr2B	494264599	494264600	0.098958333
chr2B	512357563	512357564	0.035334967
chr2B	518741738	518741739	0.037120682
chr2B	525075898	525075899	0.050162573
chr2B	527308162	527308163	0.012387848
chr2B	527884519	527884520	0.249969547
chr2B	529695744	529695745	0.227699407
chr2B	552340531	552340532	0.245527103
chr2B	575148696	575148697	0.200128955
chr2B	576693259	576693260	0.050038211
chr2B	583554660	583554661	0.016301857
chr2B	585895532	585895533	-0.048793921
chr2B	616954575	616954576	-0.033318552
chr2B	625934293	625934294	-0.102368662
chr2B	631726105	631726106	0.06455053
chr2B	632169222	632169223	0.112115127
chr2B	647742288	647742289	0.242312632
chr2B	657301018	657301019	0.175225017
chr2B	671213549	671213550	0.151314792
chr2B	673170839	673170840	0.006394009
chr2B	683309106	683309107	-0.008115052
chr2B	687635154	687635155	0.103440438
chr2B	690218224	690218225	0.1255331
chr2B	708186066	708186067	0.172681051
chr2B	719520083	719520084	0.129042627
chr2B	724692665	724692666	0.137231064
chr2B	732599076	732599077	0.106048268
chr2B	741248063	741248064	0.105648108
chr2B	742454819	742454820	-0.020763919
chr2B	746322603	746322604	-0.120268027
chr2B	749419881	749419882	-0.131635028
chr2B	752857591	752857592	-0.080952255
chr2B	758899560	758899561	0.019047745
chr2B	762028129	762028130	0.093698283
chr2B	775360153	775360154	0.057241423
chr2B	776748496	776748497	-0.076550081
chr2B	777114387	777114388	-0.122894503
chr2B	777514967	777514968	-0.171839395
chr2B	779360941	779360942	-0.125646047
chr2B	779837507	779837508	-0.174964596
chr2B	801224989	801224990	-0.08591618
chr3A	431211	431212	-0.080826024
chr3A	1380838	1380839	-0.071880803
chr3A	7498162	7498163	0.011452531
chr3A	8795717	8795718	-0.020555556
chr3A	9845587	9845588	-0.004166667
chr3A	10302235	10302236	0
chr3A	19881018	19881019	-0.013392857
chr3A	20101724	20101725	-0.013392857
chr3A	20772071	20772072	-0.051767725
chr3A	28126301	28126302	0.008946561
chr3A	32427820	32427821	-0.007428368
chr3A	61319480	61319481	-0.007428368
chr3A	66508726	66508727	0.147017928
chr3A	78902692	78902693	0.099243601
chr3A	86457821	86457822	0.155797101
chr3A	90863038	90863039	0.215426731
chr3A	108458216	108458217	0.074355303
chr3A	120802099	120802100	0.057425982
chr3A	121479890	121479891	0.05526278
chr3A	127194276	127194277	0.032182858
chr3A	128078323	128078324	0.027738413
chr3A	128308855	128308856	0.067757187
chr3A	128540386	128540387	0.068134675
chr3A	148605875	148605876	-0.016491956
chr3A	177702727	177702728	0.00938106
chr3A	204828693	204828694	-0.028043403
chr3A	206628048	206628049	-0.03007043
chr3A	219800565	219800566	-0.029578735
chr3A	243866871	243866872	0.040456931
chr3A	275291911	275291912	0.023333465
chr3A	290449488	290449489	-0.099639508
chr3A	309341213	309341214	-0.085753341
chr3A	315889068	315889069	-0.207773134
chr3A	322329000	322329001	-0.153540329
chr3A	360832128	360832129	-0.029037643
chr3A	383699041	383699042	-0.019328483
chr3A	412375457	412375458	0.041104912
chr3A	418589343	418589344	0.033434664
chr3A	427765357	427765358	0.135262465
chr3A	437870333	437870334	0.101446849
chr3A	439290236	439290237	0.071570783
chr3A	443420954	443420955	0.018671599
chr3A	444458518	444458519	0.003563374
chr3A	447273234	447273235	-0.000603292
chr3A	468587020	468587021	-0.021196185
chr3A	489568462	489568463	0.006122449
chr3A	498787790	498787791	0.227560647
chr3A	502843190	502843191	0.207262653
chr3A	506667968	506667969	0.190169212
chr3A	507595876	507595877	0.192873689
chr3A	515284069	515284070	0.082466381
chr3A	519085551	519085552	0.080273399
chr3A	529215791	529215792	0.227369358
chr3A	529614627	529614628	0.232222767
chr3A	532857927	532857928	0.252064037
chr3A	538016776	538016777	0.256965353
chr3A	539376567	539376568	0.108155829
chr3A	549418397	549418398	0.127383658
chr3A	556553794	556553795	0.127383658
chr3A	556666236	556666237	0.083008658
chr3A	558516320	558516321	0.051602564
chr3A	558892041	558892042	0.026041801
chr3A	562285903	562285904	0.048660848
chr3A	586892505	586892506	0.048660848
chr3A	588947329	588947330	0.047058284
chr3A	597233810	597233811	0.022619048
chr3A	601543711	601543712	0.009814815
chr3A	606672179	606672180	0.009814815
chr3A	607487010	607487011	0.232037037
chr3A	610524964	610524965	0.294537037
chr3A	613169064	613169065	0.385200691
chr3A	618166495	618166496	0.385200691
chr3A	621319433	621319434	0.162978469
chr3A	627966266	627966267	0.217902711
chr3A	657616838	657616839	0.244347319
chr3A	663580858	663580859	0.391420732
chr3A	680354969	680354970	0.55431666
chr3A	681464613	681464614	0.634260838
chr3A	686162154	686162155	0.634950092
chr3A	703204615	703204616	0.487876679
chr3A	714034538	714034539	0.292574016
chr3A	731226256	731226257	0.108428516
chr3A	737209116	737209117	0.243782051
chr3A	738900729	738900730	0.118240723
chr3B	265589	265590	0.109800552
chr3B	3028386	3028387	-0.097863389
chr3B	11562431	11562432	-0.111647712
chr3B	14023391	14023392	-0.208735784
chr3B	14986158	14986159	-0.299051718
chr3B	18156348	18156349	-0.296097109
chr3B	19166236	19166237	-0.359048563
chr3B	20459804	20459805	-0.233730958
chr3B	22517511	22517512	-0.157171316
chr3B	23782425	23782426	-0.195804416
chr3B	39571155	39571156	-0.071770459
chr3B	52836839	52836840	-0.073320881
chr3B	65328055	65328056	0.034114898
chr3B	72237488	72237489	0.04194981
chr3B	72713626	72713627	-0.101219287
chr3B	72952304	72952305	-0.129661445
chr3B	79561498	79561499	-0.22673724
chr3B	82070835	82070836	-0.243100876
chr3B	84738535	84738536	-0.278917286
chr3B	89093560	89093561	-0.276020764
chr3B	92124277	92124278	-0.22195285
chr3B	94866011	94866012	-0.232457051
chr3B	97087512	97087513	-0.120138211
chr3B	99698025	99698026	-0.062846544
chr3B	117589430	117589431	-0.08422215
chr3B	142870026	142870027	-0.127537393
chr3B	158209948	158209949	-0.503383191
chr3B	163664381	163664382	-0.456018519
chr3B	166654029	166654030	-0.330785996
chr3B	171591228	171591229	-0.259648769
chr3B	174463601	174463602	-0.054886864
chr3B	179673416	179673417	-0.000110787
chr3B	182387564	182387565	-0.108721437
chr3B	237292008	237292009	-0.126959136
chr3B	239882539	239882540	-0.176845758
chr3B	256254735	256254736	-0.14156289
chr3B	269253648	269253649	-0.092146247
chr3B	279682187	279682188	-0.074896544
chr3B	341211029	341211030	0.138645123
chr3B	342884913	342884914	0.197573694
chr3B	351990173	351990174	0.138673246
chr3B	361012619	361012620	0.15435952
chr3B	369047123	369047124	-0.113348813
chr3B	373843474	373843475	-0.197475797
chr3B	379682016	379682017	-0.167970974
chr3B	397675815	397675816	-0.19181697
chr3B	407187970	407187971	-0.01881697
chr3B	409604762	409604763	-0.095485441
chr3B	413805555	413805556	-0.101391897
chr3B	418473776	418473777	-0.043811885
chr3B	420412024	420412025	-0.218806319
chr3B	428089688	428089689	-0.077468654
chr3B	439466009	439466010	-0.103382741
chr3B	440228927	440228928	-0.137651515
chr3B	445883507	445883508	-0.184942796
chr3B	450224189	450224190	-0.257151672
chr3B	452552838	452552839	-0.18654648
chr3B	455055770	455055771	-0.137899503
chr3B	465339391	465339392	-0.072976723
chr3B	465502733	465502734	-0.049808275
chr3B	469637525	469637526	-0.062673772
chr3B	522031599	522031600	-0.065508362
chr3B	527302156	527302157	-0.039866358
chr3B	527659084	527659085	0.02825592
chr3B	534195355	534195356	0.082700365
chr3B	539671799	539671800	0.047686756
chr3B	545068595	545068596	0.054251352
chr3B	553729877	553729878	0.115147386
chr3B	581639672	581639673	0.109314053
chr3B	588478687	588478688	0.160744713
chr3B	593562555	593562556	0.184138505
chr3B	596600443	596600444	0.050774138
chr3B	598189096	598189097	0.045104035
chr3B	615879769	615879770	0.016167087
chr3B	628120259	628120260	-0.033833812
chr3B	636249037	636249038	-0.00464896
chr3B	650598740	650598741	-0.081854315
chr3B	656283444	656283445	-0.094881652
chr3B	668075524	668075525	-0.083380116
chr3B	668146375	668146376	-0.105273691
chr3B	670697991	670697992	-0.024779186
chr3B	679632399	679632400	-0.026104943
chr3B	690389744	690389745	-0.002361557
chr3B	721041515	721041516	-0.069668911
chr3B	725388676	725388677	-0.02822887
chr3B	732433534	732433535	0.039266458
chr3B	733563307	733563308	-0.041978728
chr3B	750900976	750900977	0.123464394
chr3B	761903309	761903310	0.107995835
chr3B	765671007	765671008	0.11429155
chr3B	772894280	772894281	0.152867557
chr3B	780511877	780511878	0.008588204
chr3B	795184739	795184740	-0.007914259
chr3B	797451239	797451240	-0.051952049
chr3B	798494826	798494827	-0.063690128
chr3B	804670403	804670404	-0.013374852
chr3B	810532842	810532843	0.012262226
chr3B	811658416	811658417	0.076234657
chr3B	815873750	815873751	0.068925519
chr3B	826096414	826096415	0.146932647
chr4A	4637493	4637494	-0.056805192
chr4A	11810828	11810829	-0.057975765
chr4A	13654529	13654530	-0.118581825
chr4A	17745301	17745302	-0.394257501
chr4A	17897586	17897587	-0.300394251
chr4A	29069016	29069017	-0.267475728
chr4A	37820532	37820533	-0.108974359
chr4A	45337458	45337459	-0.107481822
chr4A	46283622	46283623	-0.032448552
chr4A	46424494	46424495	0.230677212
chr4A	47628574	47628575	0.272384023
chr4A	66147774	66147775	0.300152343
chr4A	80174303	80174304	0.402181669
chr4A	87400231	87400232	0.293638252
chr4A	104267601	104267602	0.196475927
chr4A	106341797	106341798	0.167961338
chr4A	111054144	111054145	0.036527514
chr4A	115788198	115788199	0.017598404
chr4A	117669427	117669428	0.015384615
chr4A	117704747	117704748	0.060277994
chr4A	119088564	119088565	0.060277994
chr4A	121155253	121155254	0.044893378
chr4A	136277039	136277040	0.044893378
chr4A	164511205	164511206	0.053030303
chr4A	171206196	171206197	0.094493718
chr4A	175401651	175401652	0.094493718
chr4A	185989424	185989425	0.094493718
chr4A	217349758	217349759	-0.013888889
chr4A	219176597	219176598	0.038375919
chr4A	236149052	236149053	0.043005549
chr4A	306320570	306320571	0.032254162
chr4A	338748857	338748858	0.042670828
chr4A	358864888	358864889	0.005787037
chr4A	379040224	379040225	0.002314815
chr4A	380137496	380137497	-0.006018519
chr4A	409036770	409036771	-0.006018519
chr4A	422762421	422762422	0.06031746
chr4A	439010082	439010083	-0.003968254
chr4A	453299603	453299604	-0.00647692
chr4A	467250091	467250092	-0.085597799
chr4A	479902581	479902582	0.095142941
chr4A	483380935	483380936	0.087304775
chr4A	489091341	489091342	0.065478581
chr4A	490593922	490593923	0.071247812
chr4A	491452826	491452827	-0.008752188
chr4A	491688241	491688242	0.01120245
chr4A	496071891	496071892	0.219535783
chr4A	498693689	498693690	0.219535783
chr4A	500149707	500149708	0.27370245
chr4A	501959494	501959495	0.2875
chr4A	511045996	511045997	0.079166667
chr4A	513804915	513804916	0.077213542
chr4A	527124960	527124961	-0.018619792
chr4A	547980069	547980070	-0.058159722
chr4A	550500326	550500327	-0.055555556
chr4A	558219561	558219562	-0.007120023
chr4A	567326996	567326997	0.025989906
chr4A	576039902	576039903	0.025989906
chr4A	576052932	576052933	0.025989906
chr4A	580710540	580710541	0.008264447
chr4A	581470015	581470016	-0.058055334
chr4A	582525165	582525166	-0.058055334
chr4A	584521046	584521047	-0.063599689
chr4A	584885129	584885130	-0.003034213
chr4A	590502105	590502106	0.031955645
chr4A	591073757	591073758	0.029148891
chr4A	591848840	591848841	0.034693246
chr4A	594140853	594140854	0.0020661
chr4A	595283962	595283963	0.034208957
chr4A	595375339	595375340	0.039424433
chr4A	596506124	596506125	0.075890792
chr4A	596840295	596840296	0.131623998
chr4A	597914165	597914166	0.128327295
chr4A	599732174	599732175	0.125918573
chr4A	603511488	603511489	0.070702214
chr4A	605027062	605027063	0.000147174
chr4A	605642764	605642765	-0.029183476
chr4A	605723199	605723200	-0.029183476
chr4A	606805813	606805814	-0.010433476
chr4A	608608678	608608679	-0.000484496
chr4A	610619861	610619862	0.067331102
chr4A	613402056	613402057	0.151706102
chr4A	613568398	613568399	0.168273954
chr4A	613812521	613812522	0.214107287
chr4A	616985135	616985136	0.213654205
chr4A	621813723	621813724	0.164142642
chr4A	624936719	624936720	0.188483881
chr4A	625253359	625253360	0.113080655
chr4A	625883502	625883503	0.015385994
chr4A	626022572	626022573	-0.026661351
chr4A	627052074	627052075	-0.040297714
chr4A	628088178	628088179	0.029731115
chr4A	630770148	630770149	0.081526777
chr4A	647181260	647181261	0.094306125
chr4A	661050272	661050273	0.084078852
chr4A	665442161	665442162	0.060561307
chr4A	669830836	669830837	0.013253783
chr4A	673718380	673718381	-0.056823686
chr4A	675600875	675600876	-0.07386914
chr4A	675955262	675955263	-0.060017461
chr4A	678872658	678872659	-0.020160821
chr4A	680453264	680453265	0.052005635
chr4A	686548310	686548311	-0.022647142
chr4A	686594075	686594076	-0.05052646
chr4A	699795818	699795819	-0.071197456
chr4A	708650319	708650320	-0.074582311
chr4A	710272018	710272019	7.04668E-05
chr4A	718424416	718424417	-0.089505334
chr4A	722843990	722843991	-0.095238095
chr4A	722884948	722884949	-0.095238095
chr4A	725671133	725671134	-0.071428571
chr4A	732520383	732520384	-0.033625731
chr4A	732770579	732770580	-0.034445403
chr4A	733839164	733839165	0.011550268
chr4A	737334869	737334870	0.018494712
chr4A	737412731	737412732	0.052120443
chr4A	738746921	738746922	0.052940115
chr4A	738782216	738782217	0.003038194
chr4A	739035709	739035710	-0.098350694
chr4A	739524624	739524625	-0.138181203
chr4A	742558836	742558837	-0.138181203
chr4A	742824315	742824316	-0.21186116
chr4B	4300020	4300021	-0.072773858
chr4B	13422533	13422534	0.015193296
chr4B	14125269	14125270	0.116298597
chr4B	15760474	15760475	-0.005917173
chr4B	17017367	17017368	-0.040349537
chr4B	17489948	17489949	-0.044830917
chr4B	24918915	24918916	0.132017933
chr4B	26794124	26794125	0.134020246
chr4B	27186306	27186307	0.199019208
chr4B	27533725	27533726	0.232969763
chr4B	27641734	27641735	0.163289409
chr4B	27905057	27905058	0.109463646
chr4B	28416600	28416601	0.106343795
chr4B	28490698	28490699	0.027418245
chr4B	28626234	28626235	0.026521325
chr4B	29665771	29665772	-0.002990829
chr4B	30363064	30363065	-0.117384769
chr4B	30863007	30863008	-0.087595122
chr4B	31126489	31126490	-0.068109118
chr4B	33632740	33632741	0.015224215
chr4B	34720472	34720473	0.115480625
chr4B	36456607	36456608	-0.034473443
chr4B	37317525	37317526	-0.103555177
chr4B	38026896	38026897	-0.099277937
chr4B	39908491	39908492	-0.109425947
chr4B	41013631	41013632	0.047839324
chr4B	43173501	43173502	0.089242486
chr4B	45776793	45776794	0.072507541
chr4B	52816970	52816971	-0.032352941
chr4B	60545971	60545972	-0.110644258
chr4B	62949548	62949549	-0.038865546
chr4B	73299562	73299563	-0.053609136
chr4B	81379346	81379347	-0.01684443
chr4B	82016277	82016278	0.076617816
chr4B	86076887	86076888	0.03547636
chr4B	93288404	93288405	0.109085198
chr4B	93740412	93740413	0.109085198
chr4B	96642949	96642950	0.051179261
chr4B	99081579	99081580	0.061777732
chr4B	99436326	99436327	0.012387515
chr4B	102461147	102461148	0.040240776
chr4B	106059323	106059324	0.131358361
chr4B	108690839	108690840	0.117783701
chr4B	109827068	109827069	0.10685518
chr4B	112920001	112920002	-0.001937984
chr4B	121937239	121937240	-0.001937984
chr4B	122213072	122213073	0.042290686
chr4B	123920710	123920711	0.031718015
chr4B	128021327	128021328	0.031718015
chr4B	132335498	132335499	0.031718015
chr4B	154978298	154978299	0
chr4B	158278499	158278500	0.018542615
chr4B	171659587	171659588	0.083336357
chr4B	172508330	172508331	0.129477296
chr4B	173967894	173967895	0.129477296
chr4B	179310369	179310370	0.097541824
chr4B	181251347	181251348	0.032748082
chr4B	184239456	184239457	-0.027950528
chr4B	237894395	237894396	-0.027950528
chr4B	242705643	242705644	-0.064557671
chr4B	242749605	242749606	-0.02276988
chr4B	335941494	335941495	-0.008212209
chr4B	339265305	339265306	-0.00239439
chr4B	364681093	364681094	0.105458242
chr4B	373983874	373983875	0.105458242
chr4B	376143425	376143426	0.097701149
chr4B	387800700	387800701	0.124468523
chr4B	387869664	387869665	0.051192661
chr4B	391550760	391550761	0.084592131
chr4B	392045561	392045562	0.01316356
chr4B	394375786	394375787	-0.038029101
chr4B	405371987	405371988	0.037338547
chr4B	412778679	412778680	0.023146937
chr4B	423047713	423047714	0.094575509
chr4B	427505323	427505324	0.167145841
chr4B	431790466	431790467	0.210312677
chr4B	432788670	432788671	0.207771482
chr4B	438335768	438335769	0.207771482
chr4B	443453866	443453867	0.064688329
chr4B	450457641	450457642	0.070710584
chr4B	454033477	454033478	0.054043917
chr4B	465028418	465028419	0.054043917
chr4B	467911645	467911646	0.158831449
chr4B	467985002	467985003	0.006496933
chr4B	469470247	469470248	0.006496933
chr4B	475193987	475193988	0.117211219
chr4B	480051335	480051336	0.082936508
chr4B	480652587	480652588	0.152380952
chr4B	483762309	483762310	0.102118715
chr4B	491465764	491465765	0.020019625
chr4B	504181836	504181837	0.101837807
chr4B	518688379	518688380	0.115589859
chr4B	519824400	519824401	0.239097711
chr4B	527005412	527005413	0.22359526
chr4B	562700455	562700456	0.196904243
chr4B	564871924	564871925	0.129667342
chr4B	565747904	565747905	0.078133887
chr4B	566595414	566595415	0.045927735
chr4B	567470115	567470116	0.03503134
chr4B	568666155	568666156	0.051887587
chr4B	572553195	572553196	0.071842095
chr4B	575039696	575039697	0.096823352
chr4B	575041209	575041210	0.007949725
chr4B	590853681	590853682	-0.052549574
chr4B	600438867	600438868	-0.035339429
chr4B	612844979	612844980	-0.07664784
chr4B	616308735	616308736	0.040911684
chr4B	618251501	618251502	0.12884045
chr4B	623787058	623787059	0.005340997
chr4B	631418105	631418106	0.083943376
chr4B	631528139	631528140	-0.001228193
chr4B	634317425	634317426	-0.054639366
chr4B	636930895	636930896	0.004526926
chr4B	638122134	638122135	-0.132404892
chr4B	642946000	642946001	-0.15139999
chr4B	647727936	647727937	-0.192956349
chr4B	652855765	652855766	-0.200373993
chr4B	656827863	656827864	-0.092784853
chr4B	657169155	657169156	-0.145857573
chr4B	673240414	673240415	-0.177311439
chr5A	641125	641126	-0.093199524
chr5A	645524	645525	0.052955109
chr5A	1833735	1833736	0.067986842
chr5A	2647709	2647710	0.167251548
chr5A	4664160	4664161	0.027828471
chr5A	5992471	5992472	0.016768526
chr5A	11066777	11066778	0.079828505
chr5A	14266416	14266417	-0.006780997
chr5A	18813373	18813374	-0.057863248
chr5A	22718907	22718908	-0.043397436
chr5A	25699757	25699758	-0.056513158
chr5A	26447110	26447111	-0.020285088
chr5A	30408560	30408561	-0.020285088
chr5A	42109793	42109794	-0.020285088
chr5A	47584840	47584841	-0.01262347
chr5A	64944149	64944150	-0.003851541
chr5A	68617665	68617666	-0.040215177
chr5A	70493396	70493397	-0.032862236
chr5A	87401990	87401991	0.014322638
chr5A	100618668	100618669	0.014322638
chr5A	118758788	118758789	0.071519608
chr5A	119575136	119575137	0.150277778
chr5A	129109577	129109578	0.090277778
chr5A	129603777	129603778	0.090277778
chr5A	134085571	134085572	0.069444444
chr5A	160775266	160775267	-0.016666667
chr5A	197219998	197219999	0
chr5A	206729769	206729770	-0.012126866
chr5A	207739207	207739208	-0.012126866
chr5A	227923259	227923260	-0.012126866
chr5A	227924480	227924481	-0.057364961
chr5A	250561002	250561003	0.010067248
chr5A	263507723	263507724	0.009025582
chr5A	265544218	265544219	-0.090974418
chr5A	275954240	275954241	-0.045736323
chr5A	288259919	288259920	-0.101041667
chr5A	307211994	307211995	-0.020454545
chr5A	311675350	311675351	0.079545455
chr5A	312232998	312232999	0.079545455
chr5A	316513781	316513782	0.085532959
chr5A	320266646	320266647	0.005987504
chr5A	328726848	328726849	0.005987504
chr5A	332648754	332648755	-0.011225853
chr5A	333408135	333408136	-0.053225262
chr5A	335302784	335302785	-0.053225262
chr5A	335675537	335675538	-0.058408483
chr5A	342330535	342330536	-0.082861792
chr5A	353601934	353601935	-0.085233726
chr5A	361447482	361447483	-0.085233726
chr5A	361709290	361709291	-0.080050505
chr5A	369630033	369630034	-0.038383838
chr5A	370245909	370245910	0
chr5A	377324494	377324495	-0.017735043
chr5A	377923991	377923992	-0.052195095
chr5A	382115631	382115632	-0.052195095
chr5A	382765572	382765573	-0.052195095
chr5A	386171535	386171536	-0.034460053
chr5A	387922588	387922589	-0.010416667
chr5A	393364463	393364464	0.010481166
chr5A	395916845	395916846	0.071187009
chr5A	413193515	413193516	0.142042624
chr5A	417903492	417903493	0.15245929
chr5A	426275084	426275085	0.118917269
chr5A	428996587	428996588	0.058211427
chr5A	438147424	438147425	-0.012644188
chr5A	439434767	439434768	-0.01107679
chr5A	442701848	442701849	0.001567398
chr5A	444943308	444943309	0.001567398
chr5A	454270460	454270461	0.123981191
chr5A	457076519	457076520	0.122413793
chr5A	459337794	459337795	0.136003094
chr5A	473010733	473010734	0.150550508
chr5A	473022507	473022508	0.025783774
chr5A	475525192	475525193	0.005563186
chr5A	480042486	480042487	-0.005993595
chr5A	488418755	488418756	-0.104894156
chr5A	490318486	490318487	-0.095188274
chr5A	491315024	491315025	-0.008301019
chr5A	494232972	494232973	0.049190271
chr5A	495868795	495868796	0.133543417
chr5A	503056584	503056585	0.069327731
chr5A	513842962	513842963	0.056638337
chr5A	519693839	519693840	0.06442222
chr5A	519949991	519949992	-0.01370278
chr5A	536291647	536291648	-0.06138549
chr5A	538582360	538582361	-0.129273732
chr5A	539504549	539504550	-0.245059176
chr5A	545059139	545059140	-0.179487595
chr5A	546893706	546893707	-0.027528347
chr5A	559746802	559746803	-0.044392955
chr5A	561655043	561655044	-0.003486121
chr5A	564081695	564081696	0.015019679
chr5A	569182423	569182424	-0.003361856
chr5A	574198069	574198070	-0.101772881
chr5A	588740679	588740680	-3.71408E-05
chr5A	591094370	591094371	0.069768054
chr5A	598009641	598009642	0.111814227
chr5A	600067451	600067452	0.264353412
chr5A	603007104	603007105	0.170188589
chr5A	608623540	608623541	0.152123321
chr5A	610221381	610221382	0.081044889
chr5A	610459800	610459801	0.129120879
chr5A	613590707	613590708	0.129120879
chr5A	615179636	615179637	0.098117761
chr5A	617350766	617350767	0.089784427
chr5A	619957439	619957440	0.018355856
chr5A	622777493	622777494	0.018355856
chr5A	624744194	624744195	0.024890621
chr5A	632836138	632836139	0.030951227
chr5A	637128619	637128620	0.080630714
chr5A	644098252	644098253	0.080630714
chr5A	649843028	649843029	0.028487278
chr5A	657051747	657051748	-0.037752038
chr5A	657105425	657105426	-0.037752038
chr5A	660436080	660436081	0.059185972
chr5A	663305768	663305769	0.081136364
chr5A	664553759	664553760	0.081136364
chr5A	670820795	670820796	0.080455783
chr5A	671443799	671443800	0.020013028
chr5A	677140272	677140273	0.026376664
chr5A	678204320	678204321	0.01676128
chr5A	680834726	680834727	0.034108527
chr5A	681288160	681288161	0.038423831
chr5A	684691038	684691039	0.129310771
chr5A	691401163	691401164	0.198017064
chr5A	693300405	693300406	0.148416001
chr5A	698002987	698002988	0.128048587
chr5A	702191734	702191735	0.044651526
chr5A	702720971	702720972	-0.014745755
chr5A	707644075	707644076	0.018188642
chr5A	709759074	709759075	-0.001374474
chr5B	2613348	2613349	-0.014790279
chr5B	3917735	3917736	-0.014483906
chr5B	11517109	11517110	-0.026415724
chr5B	12856142	12856143	-0.048482744
chr5B	19814987	19814988	-0.042556818
chr5B	20170940	20170941	-0.055816776
chr5B	25267878	25267879	-0.007820602
chr5B	26847539	26847540	0.080752578
chr5B	37372697	37372698	0.106831529
chr5B	48859706	48859707	0.073560535
chr5B	54549929	54549930	-0.079461279
chr5B	56570235	56570236	0.007240303
chr5B	64626936	64626937	-0.010120808
chr5B	68838594	68838595	0.086268081
chr5B	70914815	70914816	0.165016087
chr5B	88170905	88170906	-0.017491817
chr5B	95022919	95022920	-0.041797373
chr5B	98666601	98666602	-0.171838356
chr5B	98835492	98835493	-0.179475545
chr5B	122438746	122438747	0.068549038
chr5B	216507900	216507901	0.083131482
chr5B	243918071	243918072	0.188740828
chr5B	249578806	249578807	0.150532203
chr5B	251901667	251901668	0.05399859
chr5B	262055414	262055415	0.114448445
chr5B	262355021	262355022	0.017717292
chr5B	277250567	277250568	0.041633281
chr5B	285830124	285830125	-0.07377261
chr5B	289028030	289028031	-0.065359477
chr5B	289705615	289705616	-0.14869281
chr5B	299607056	299607057	-0.108394608
chr5B	303912677	303912678	-0.040929415
chr5B	306424082	306424083	-0.042314752
chr5B	308561330	308561331	0.008280486
chr5B	316623256	316623257	0.005155486
chr5B	318174522	318174523	0.044089103
chr5B	322555843	322555844	0.161160714
chr5B	328107539	328107540	0.215967321
chr5B	333028197	333028198	0.258107472
chr5B	339496259	339496260	0.190824309
chr5B	339536201	339536202	0.088260206
chr5B	343826699	343826700	0.049984654
chr5B	355689343	355689344	0.039895784
chr5B	368786150	368786151	0.084113471
chr5B	372863913	372863914	0.101020402
chr5B	392057309	392057310	0.135283
chr5B	409061235	409061236	0.144898384
chr5B	417551482	417551483	0.103231717
chr5B	420470624	420470625	0.059722222
chr5B	429093781	429093782	0.034690657
chr5B	434403309	434403310	0.05552399
chr5B	437180514	437180515	0.07522096
chr5B	438169205	438169206	0.079502858
chr5B	445651486	445651487	-0.00379891
chr5B	454896896	454896897	-0.074257132
chr5B	464393761	464393762	0.143939394
chr5B	464629063	464629064	-0.016219891
chr5B	488126429	488126430	-0.389957265
chr5B	488562089	488562090	-0.380698006
chr5B	490732839	490732840	-0.289309479
chr5B	491035754	491035755	-0.250574631
chr5B	506312686	506312687	-0.05685798
chr5B	507939297	507939298	-0.104248838
chr5B	520037287	520037288	-0.056040006
chr5B	520420315	520420316	-0.063666524
chr5B	520871593	520871594	0.021516995
chr5B	531220160	531220161	-0.029194802
chr5B	534471491	534471492	-0.072305869
chr5B	538038357	538038358	-0.048880389
chr5B	571708747	571708748	0.076126179
chr5B	575629806	575629807	0.180068581
chr5B	582975098	582975099	0.220043075
chr5B	588161096	588161097	0.219413497
chr5B	597080406	597080407	0.073638678
chr5B	599652890	599652891	0.13507326
chr5B	604022735	604022736	0.132902578
chr5B	611375694	611375695	0.047531699
chr5B	611646506	611646507	0.087115032
chr5B	619219167	619219168	-0.144684418
chr5B	619762880	619762881	-0.22775264
chr5B	620012418	620012419	-0.163871382
chr5B	622740145	622740146	-0.136910229
chr5B	637124907	637124908	0.045212095
chr5B	639682386	639682387	0.109274258
chr5B	650015391	650015392	0.063532556
chr5B	654751430	654751431	0.047553071
chr5B	659505670	659505671	0.044678738
chr5B	660186892	660186893	0.055006854
chr5B	660370490	660370491	0.081927997
chr5B	660588739	660588740	0.035309683
chr5B	661681489	661681490	0.110012842
chr5B	664949549	664949550	0.103419682
chr5B	670019103	670019104	0.152795796
chr5B	671355881	671355882	0.18606687
chr5B	674658780	674658781	0.097582068
chr5B	680665742	680665743	0.100277277
chr5B	681132056	681132057	-0.011810635
chr5B	684032979	684032980	0.002029804
chr5B	684762634	684762635	-0.025043686
chr5B	689950526	689950527	-0.114898759
chr5B	693982129	693982130	-0.053281277
chr5B	697377836	697377837	-0.057292774
chr5B	698257603	698257604	-0.10761745
chr5B	705270243	705270244	-0.002855545
chr5B	705483029	705483030	-0.114885115
chr6A	1879418	1879419	-0.173868631
chr6A	5466675	5466676	-0.161787031
chr6A	9318217	9318218	-0.161985444
chr6A	15492018	15492019	0.044397276
chr6A	24830118	24830119	0.097083922
chr6A	25639516	25639517	0.132321682
chr6A	31358875	31358876	0.076616179
chr6A	48104085	48104086	0.044069277
chr6A	49843589	49843590	0.043182512
chr6A	52036248	52036249	0.023182389
chr6A	59090812	59090813	0.175960166
chr6A	65802390	65802391	0.242996748
chr6A	72430250	72430251	0.224759569
chr6A	75369104	75369105	0.140488963
chr6A	80704968	80704969	-0.049354409
chr6A	84970065	84970066	-0.16996242
chr6A	94207149	94207150	0.213145345
chr6A	97809306	97809307	0.236355311
chr6A	98239541	98239542	0.387725283
chr6A	100355777	100355778	0.380537552
chr6A	106936184	106936185	0.119651149
chr6A	108944907	108944908	0.117087047
chr6A	133760895	133760896	0.107847341
chr6A	143377065	143377066	0.053923671
chr6A	146444478	146444479	0.035949114
chr6A	153679305	153679306	0.026889214
chr6A	154038904	154038905	-0.078776325
chr6A	158942739	158942740	-0.080998548
chr6A	160476032	160476033	-0.080998548
chr6A	182307615	182307616	-0.062814612
chr6A	189568481	189568482	0.015889092
chr6A	192830704	192830705	0.018111314
chr6A	201554646	201554647	0.018111314
chr6A	204717530	204717531	0.012664165
chr6A	206006206	206006207	0.012664165
chr6A	219640253	219640254	0.012664165
chr6A	222680169	222680170	0.031696745
chr6A	263909560	263909561	0.01903258
chr6A	297666151	297666152	0.01903258
chr6A	333959717	333959718	0.016628734
chr6A	346572553	346572554	-0.002403846
chr6A	359151033	359151034	-0.002403846
chr6A	364058564	364058565	-0.002403846
chr6A	370678841	370678842	0.020292208
chr6A	383478531	383478532	0.009875541
chr6A	384964741	384964742	0.009875541
chr6A	405661337	405661338	0.009875541
chr6A	416654685	416654686	-0.010416667
chr6A	421226957	421226958	0
chr6A	446902659	446902660	0
chr6A	452277320	452277321	-0.058777429
chr6A	452776575	452776576	-0.058777429
chr6A	456777975	456777976	-0.061513845
chr6A	458229124	458229125	0.082018968
chr6A	463526556	463526557	0.097136126
chr6A	467045488	467045489	0.078512472
chr6A	470899584	470899585	0.102968987
chr6A	473364271	473364272	0.054096806
chr6A	479538379	479538380	0.03617446
chr6A	484611866	484611867	0.030514083
chr6A	495253106	495253107	-0.038976504
chr6A	496573646	496573647	-0.033768171
chr6A	507117410	507117411	-0.030159884
chr6A	510262619	510262620	-0.023017027
chr6A	514893939	514893940	0.003627874
chr6A	521993141	521993142	-0.031583784
chr6A	524332931	524332932	-0.028607594
chr6A	532318281	532318282	0.040007125
chr6A	533257021	533257022	0.045754251
chr6A	545320409	545320410	0.075757576
chr6A	550285840	550285841	0.056060606
chr6A	580537904	580537905	-0.152020202
chr6A	585194790	585194791	-0.160030704
chr6A	586777472	586777473	-0.191399952
chr6A	591018172	591018173	-0.211258298
chr6A	594434210	594434211	-0.184111833
chr6A	594495329	594495330	-0.146571793
chr6A	599055016	599055017	-0.210376213
chr6A	602708334	602708335	-0.22362026
chr6A	609728766	609728767	-0.193849018
chr6A	612292163	612292164	-0.152574224
chr6A	614804231	614804232	-0.044637716
chr6A	617039663	617039664	-0.045189999
chr6B	14093827	14093828	-0.040986474
chr6B	16256510	16256511	-0.065118207
chr6B	18847401	18847402	-0.041218415
chr6B	26512731	26512732	-0.006823391
chr6B	28157162	28157163	0.012582522
chr6B	33736452	33736453	-0.04295811
chr6B	42500478	42500479	-0.060721899
chr6B	49307083	49307084	0.129833898
chr6B	51769199	51769200	0.092523053
chr6B	52354454	52354455	0.133008524
chr6B	117837897	117837898	-0.210576805
chr6B	130822837	130822838	-0.212286206
chr6B	143466471	143466472	-0.32503466
chr6B	149058591	149058592	-0.299133138
chr6B	171043154	171043155	-0.274926789
chr6B	172725139	172725140	-0.212426789
chr6B	179469790	179469791	-0.165873016
chr6B	181836783	181836784	-0.110515873
chr6B	185680638	185680639	-0.130456634
chr6B	203920603	203920604	-0.130456634
chr6B	210282257	210282258	-0.115178857
chr6B	214087718	214087719	-0.160178857
chr6B	224872985	224872986	-0.045
chr6B	226402632	226402633	-0.045
chr6B	227095530	227095531	-0.045
chr6B	227649217	227649218	0
chr6B	227828079	227828080	-0.070625
chr6B	229522962	229522963	-0.091458333
chr6B	234859328	234859329	-0.091458333
chr6B	259292974	259292975	-0.091458333
chr6B	259297377	259297378	-0.020833333
chr6B	274209655	274209656	0
chr6B	281329951	281329952	-0.064413265
chr6B	300949128	300949129	-0.064413265
chr6B	314547539	314547540	-0.061588407
chr6B	372574286	372574287	-0.1336015
chr6B	377937132	377937133	-0.098833426
chr6B	409292749	409292750	-0.133857581
chr6B	423410571	423410572	-0.136682439
chr6B	424085001	424085002	-0.064669346
chr6B	433709932	433709933	0.006642512
chr6B	445008129	445008130	0.041666667
chr6B	450639506	450639507	-0.044230769
chr6B	450799584	450799585	-0.086573112
chr6B	452185748	452185749	-0.177111959
chr6B	453278699	453278700	-0.177111959
chr6B	463374714	463374715	-0.091214523
chr6B	467459345	467459346	-0.04887218
chr6B	480387843	480387844	0.004347826
chr6B	502318136	502318137	0.025181159
chr6B	508819798	508819799	0.043038302
chr6B	511423893	511423894	0.043038302
chr6B	512236259	512236260	0.038690476
chr6B	513690498	513690499	-0.017857143
chr6B	514677166	514677167	-0.102606178
chr6B	519406087	519406088	-0.102606178
chr6B	523065843	523065844	-0.140106178
chr6B	526716462	526716463	-0.104391892
chr6B	554658287	554658288	-0.092052145
chr6B	554791726	554791727	-0.096272924
chr6B	561693162	561693163	-0.096272924
chr6B	562597083	562597084	-0.072204693
chr6B	563147479	563147480	-0.040665584
chr6B	566553459	566553460	0.012096774
chr6B	577418684	577418685	0.012096774
chr6B	591249349	591249350	0.012096774
chr6B	592946006	592946007	-0.01085915
chr6B	595212185	595212186	-0.022955925
chr6B	597294876	597294877	-0.058885834
chr6B	601132618	601132619	-0.152635834
chr6B	617173648	617173649	-0.205076734
chr6B	618942816	618942817	-0.205076734
chr6B	623727493	623727494	-0.163264472
chr6B	632305594	632305595	-0.113958917
chr6B	636395373	636395374	0.079795396
chr6B	649919355	649919356	0.064795396
chr6B	659236175	659236176	0.096306206
chr6B	662514160	662514161	0.186466763
chr6B	664826109	664826110	0.009577529
chr6B	672883963	672883964	-9.35237E-05
chr6B	684670981	684670982	-0.158411812
chr6B	687131471	687131472	-0.198008863
chr6B	692038076	692038077	-0.165114126
chr6B	692044062	692044063	-0.192017413
chr6B	692575205	692575206	-0.198875467
chr6B	712346060	712346061	-0.052610219
chr6B	719860059	719860060	0.111671224
chr6B	720061813	720061814	0.001623377
chr7A	531214	531215	-0.006435944
chr7A	4474488	4474489	0.064617487
chr7A	4627495	4627496	0.023317389
chr7A	9752044	9752045	0.184478103
chr7A	10902345	10902346	0.128863691
chr7A	14189721	14189722	0.101171706
chr7A	19900496	19900497	0.084378258
chr7A	31076369	31076370	0.125520175
chr7A	36860123	36860124	0.10673938
chr7A	40570751	40570752	0.119028274
chr7A	49367151	49367152	0.31202443
chr7A	69975860	69975861	0.329710028
chr7A	76514479	76514480	0.106139738
chr7A	78507730	78507731	0.09627147
chr7A	83738261	83738262	-0.28468091
chr7A	85031278	85031279	-0.280138827
chr7A	85347401	85347402	-0.146616099
chr7A	108814256	108814257	-0.079023507
chr7A	109348122	109348123	0.123853477
chr7A	110470784	110470785	0.128451178
chr7A	138011715	138011716	0.147453704
chr7A	154063581	154063582	0.072853735
chr7A	162537172	162537173	0.034911816
chr7A	168869570	168869571	-0.03094379
chr7A	198000962	198000963	0.009753516
chr7A	217375003	217375004	0.047776604
chr7A	220126766	220126767	0.030971342
chr7A	239757270	239757271	0.112293615
chr7A	241800374	241800375	0.099241162
chr7A	288933229	288933230	0.167755245
chr7A	290287160	290287161	0.107509072
chr7A	310581061	310581062	0.293558204
chr7A	342614787	342614788	0.29308532
chr7A	371771291	371771292	0.232335618
chr7A	375895906	375895907	0.302482315
chr7A	396987330	396987331	0.187898982
chr7A	407306286	407306287	0.086454853
chr7A	428627637	428627638	0.003466585
chr7A	432182118	432182119	-0.056174705
chr7A	450411991	450411992	-0.087211618
chr7A	499742227	499742228	0.091315844
chr7A	507763053	507763054	0.229055716
chr7A	509475817	509475818	0.267348563
chr7A	516499588	516499589	0.249925332
chr7A	524640861	524640862	0.21334232
chr7A	536520217	536520218	0.301166358
chr7A	538344563	538344564	0.218794563
chr7A	546059567	546059568	0.151838041
chr7A	556559717	556559718	0.066068111
chr7A	561302083	561302084	-0.04342437
chr7A	563507336	563507337	-0.021995798
chr7A	581352407	581352408	0.043818925
chr7A	581846762	581846763	0.016171866
chr7A	603097280	603097281	0.036089448
chr7A	607554520	607554521	0.014170681
chr7A	618117252	618117253	-0.035532931
chr7A	619166202	619166203	-0.06131331
chr7A	621911679	621911680	-0.122417529
chr7A	645038885	645038886	-0.131576455
chr7A	660323281	660323282	-0.084354233
chr7A	661166133	661166134	-0.058573854
chr7A	674106068	674106069	-0.026315789
chr7A	675588115	675588116	0
chr7A	677723619	677723620	-0.03319209
chr7A	678149628	678149629	0.083210026
chr7A	688964346	688964347	0.083210026
chr7A	689922175	689922176	0.148443845
chr7A	702977436	702977437	0.06357326
chr7A	708143619	708143620	0.071489469
chr7A	709755934	709755935	0.08041804
chr7A	715700189	715700190	0.072826961
chr7A	719587909	719587910	0.125794516
chr7A	722303639	722303640	0.168796115
chr7A	727430227	727430228	0.211037134
chr7A	736514594	736514595	0.17299709
chr7B	119645	119646	0.086765502
chr7B	5919919	5919920	-0.047914414
chr7B	28317681	28317682	-0.134917338
chr7B	33075735	33075736	-0.103837882
chr7B	61628162	61628163	-0.063919467
chr7B	68346427	68346428	-0.012047698
chr7B	78067338	78067339	0.036196983
chr7B	79307087	79307088	-0.018282646
chr7B	114185757	114185758	0.019835376
chr7B	137026565	137026566	0.01872807
chr7B	162099240	162099241	0.162061404
chr7B	173866058	173866059	-0.010185185
chr7B	178415393	178415394	0.008002737
chr7B	192766357	192766358	-0.00756468
chr7B	197473099	197473100	-0.081080006
chr7B	199495488	199495489	-0.024244688
chr7B	218384075	218384076	-0.106499562
chr7B	226427832	226427833	-0.069652383
chr7B	253370907	253370908	-0.195541819
chr7B	282332054	282332055	-0.213660248
chr7B	333362319	333362320	-0.297047001
chr7B	375912371	375912372	-0.296438863
chr7B	393402885	393402886	-0.285752424
chr7B	399337155	399337156	-0.304765715
chr7B	418753905	418753906	-0.214140715
chr7B	419041033	419041034	-0.315229008
chr7B	422905533	422905534	-0.186681492
chr7B	431663517	431663518	-0.145621201
chr7B	432900746	432900747	-0.094316315
chr7B	443343712	443343713	-0.028680723
chr7B	448800193	448800194	0.037411137
chr7B	458990112	458990113	-0.016160292
chr7B	470853340	470853341	-0.126819274
chr7B	476199363	476199364	-0.090012084
chr7B	490207936	490207937	-0.251290279
chr7B	491923486	491923487	-0.250329714
chr7B	495006537	495006538	-0.122920062
chr7B	495338235	495338236	-0.153364512
chr7B	504194568	504194569	-0.104625016
chr7B	505939272	505939273	-0.006383427
chr7B	512744008	512744009	0.031232314
chr7B	524517523	524517524	0.016543158
chr7B	548386017	548386018	-0.011289817
chr7B	559533554	559533555	-0.068741483
chr7B	569942096	569942097	0.063832623
chr7B	588085039	588085040	0.125974306
chr7B	593435643	593435644	0.131542929
chr7B	614913984	614913985	0.295002048
chr7B	620593416	620593417	0.256837686
chr7B	623933916	623933917	0.19659499
chr7B	649991953	649991954	0.135952381
chr7B	654916479	654916480	-0.062765568
chr7B	656516852	656516853	-0.121818856
chr7B	672775560	672775561	-0.252175999
chr7B	673305618	673305619	-0.159968206
chr7B	675315666	675315667	-0.127916924
chr7B	678126302	678126303	-0.192588001
chr7B	678772772	678772773	-0.134532445
chr7B	679634798	679634799	-0.110812487
chr7B	680202527	680202528	-0.167633388
chr7B	684484032	684484033	-0.01592771
chr7B	693923296	693923297	-0.031745015
chr7B	695371085	695371086	-0.062433184
chr7B	708117038	708117039	-0.113703444
chr7B	711067076	711067077	-0.112225635
chr7B	717660233	717660234	-0.128287044
chr7B	717884727	717884728	-0.051549619
chr7B	730160508	730160509	0.06771445
chr7B	733597449	733597450	0.056788524
chr7B	733926071	733926072	-0.032037037
chr7B	744393801	744393802	-0.076659357
chr7B	745045330	745045331	-0.160229316
chr7B	747597301	747597302	-0.159587614
chr7B	750123445	750123446	-0.105545438
chrUn	1927931	1927932	-0.107412931
chrUn	7819199	7819200	-0.030092973
chrUn	18025119	18025120	0.153293103
chrUn	23524310	23524311	0.139250928
chrUn	32220057	32220058	0.183333333
chrUn	35315520	35315521	0.003650295
chrUn	48424001	48424002	0.063449224
chrUn	50832703	50832704	-0.022218277
chrUn	53426604	53426605	-0.022218277
chrUn	54300483	54300484	-0.000300825
chrUn	65438057	65438058	0.005891644
chrUn	75076093	75076094	0.102304419
chrUn	76409311	76409312	0.085023313
chrUn	81690790	81690791	0.113398444
chrUn	86621562	86621563	0.166523444
chrUn	124958606	124958607	0.128760177
chrUn	252521086	252521087	0.129557766
chrUn	304831167	304831168	-0.005518869
chrUn	420834887	420834888	-0.109685535
