chr	start	end	value
chr1A	4095991	4095992	0
chr1A	10133030	10133031	0
chr1A	10159196	10159197	0.029411765
chr1A	10211151	10211152	0.007352941
chr1A	13673457	13673458	0.007352941
chr1A	14109006	14109007	0.022501569
chr1A	41741955	41741956	0.011259739
chr1A	45635068	45635069	-0.038740261
chr1A	57204936	57204937	-0.115622896
chr1A	64836323	64836324	-0.201707552
chr1A	74103229	74103230	-0.236772487
chr1A	80298098	80298099	-0.147631448
chr1A	82527044	82527045	-0.111513692
chr1A	84729627	84729628	-0.093656549
chr1A	89406172	89406173	-0.081246737
chr1A	102367178	102367179	-0.140824283
chr1A	103321712	103321713	-0.081613757
chr1A	106229819	106229820	0.042289752
chr1A	114060707	114060708	0.087131022
chr1A	137234644	137234645	0.074331662
chr1A	173961471	173961472	-0.034088013
chr1A	218522949	218522950	-0.095110941
chr1A	247344218	247344219	-0.071333206
chr1A	259065126	259065127	-0.17808642
chr1A	268934360	268934361	0.0125
chr1A	269581470	269581471	-0.035119048
chr1A	286007123	286007124	-0.074553571
chr1A	294040918	294040919	0.015029762
chr1A	311367035	311367036	-0.063095238
chr1A	320154863	320154864	-0.093557423
chr1A	337150757	337150758	-0.314495798
chr1A	338589694	338589695	-0.119642857
chr1A	338595330	338595331	-0.270238095
chr1A	362865669	362865670	-0.261507937
chr1A	375467640	375467641	-0.636507937
chr1A	385354326	385354327	-0.779365079
chr1A	390639130	390639131	-0.70952381
chr1A	427395003	427395004	-0.63125
chr1A	430180246	430180247	-0.437797619
chr1A	446543353	446543354	-0.229464286
chr1A	455819372	455819373	0.145535714
chr1A	458217053	458217054	0.089285714
chr1A	460674795	460674796	0.052083333
chr1A	463930722	463930723	-0.07173583
chr1A	465454315	465454316	-0.365058564
chr1A	474700633	474700634	-0.383499953
chr1A	477738932	477738933	-0.219462439
chr1A	485355783	485355784	-0.213237254
chr1A	486342711	486342712	-0.225685773
chr1A	493510435	493510436	-0.232816518
chr1A	494718813	494718814	-0.177171312
chr1A	511405101	511405102	-0.1281008
chr1A	513662169	513662170	-0.099796151
chr1A	516563723	516563724	-0.0262189
chr1A	517105791	517105792	0.041801933
chr1A	518981436	518981437	-0.034090924
chr1A	538805151	538805152	-0.222117794
chr1A	539757057	539757058	-0.37797619
chr1A	540403840	540403841	-0.463446276
chr1A	541996126	541996127	-0.402018668
chr1A	542002914	542002915	-0.256185335
chr1A	544177108	544177109	-0.217494859
chr1A	545417493	545417494	-0.23931644
chr1A	545524500	545524501	-0.294478383
chr1A	547017499	547017500	-0.251914588
chr1A	547277436	547277437	-0.197342594
chr1A	549314234	549314235	-0.182149693
chr1A	552164883	552164884	-0.175533837
chr1A	564749208	564749209	-0.113912235
chr1A	566481311	566481312	-0.083177374
chr1A	574475119	574475120	-0.290828924
chr1A	583660006	583660007	-0.23151455
chr1A	589028206	589028207	-0.04077381
chr1A	592324451	592324452	0.004464286
chr1A	592833383	592833384	0.32390873
chr1B	173239	173240	0.337301587
chr1B	2356819	2356820	0.146349206
chr1B	3047593	3047594	0.093769841
chr1B	4111309	4111310	-0.01734127
chr1B	4111843	4111844	-0.039563492
chr1B	5160037	5160038	-0.015277778
chr1B	8559126	8559127	-0.005555556
chr1B	10060661	10060662	-0.005555556
chr1B	10097986	10097987	-0.060635965
chr1B	11407728	11407729	-0.060635965
chr1B	12388143	12388144	-0.077302632
chr1B	15292520	15292521	0.064162422
chr1B	16215072	16215073	0.17358523
chr1B	17250926	17250927	0.17358523
chr1B	17255328	17255329	0.17358523
chr1B	17891669	17891670	0.077738423
chr1B	30882589	30882590	-0.072509004
chr1B	38832166	38832167	0.047108221
chr1B	47626690	47626691	0.028389155
chr1B	49934547	49934548	0.328389155
chr1B	70191832	70191833	0.220893142
chr1B	90710830	90710831	0.168686869
chr1B	115286266	115286267	0.106186869
chr1B	119767817	119767818	0.077114899
chr1B	135943520	135943521	0.15552399
chr1B	170575830	170575831	0.228484363
chr1B	183483528	183483529	0.193216506
chr1B	185223081	185223082	0.404075092
chr1B	238673665	238673666	0.353113553
chr1B	263946775	263946776	0.288400488
chr1B	265647538	265647539	0.078566961
chr1B	268286871	268286872	-0.010730697
chr1B	277440451	277440452	-0.021684387
chr1B	314743931	314743932	-0.034952005
chr1B	316761509	316761510	0.105627706
chr1B	330503636	330503637	0.165291005
chr1B	331417739	331417740	0.141481481
chr1B	334240541	334240542	0.041481481
chr1B	334317743	334317744	0.159035088
chr1B	335973382	335973383	0.112716603
chr1B	340372846	340372847	0.112716603
chr1B	340464665	340464666	0.20438327
chr1B	342122889	342122890	0.076459293
chr1B	344002410	344002411	0.11547619
chr1B	350794922	350794923	0.207900433
chr1B	359203196	359203197	0.108387446
chr1B	361012796	361012797	0.108387446
chr1B	364949818	364949819	0.084577922
chr1B	378409825	378409826	-0.00784632
chr1B	385172732	385172733	0
chr1B	388014508	388014509	0.123376623
chr1B	389981501	389981502	0.198934837
chr1B	394638971	394638972	0.03226817
chr1B	397431612	397431613	0.005952381
chr1B	403976784	403976785	-0.117424242
chr1B	409672717	409672718	-0.167982456
chr1B	413204553	413204554	-0.001315789
chr1B	420361177	420361178	0.068918919
chr1B	421092956	421092957	0.168183625
chr1B	421673139	421673140	0.214612196
chr1B	434089027	434089028	0.29794553
chr1B	444687965	444687966	0.299782579
chr1B	476342459	476342460	0.226158899
chr1B	480838799	480838800	0.321396994
chr1B	484464881	484464882	0.256103406
chr1B	491250685	491250686	0.302452701
chr1B	492307142	492307143	0.24167654
chr1B	505629055	505629056	0.075009873
chr1B	509901369	509901370	0.056970128
chr1B	516951525	516951526	-0.007961222
chr1B	517907052	517907053	0.10205314
chr1B	518800823	518800824	0.285386473
chr1B	520361114	520361115	0.285386473
chr1B	543580345	543580346	0.305831608
chr1B	548541241	548541242	0.057682332
chr1B	553153379	553153380	0.241015666
chr1B	563025710	563025711	0.346078431
chr1B	563305711	563305712	0.167232278
chr1B	565751748	565751749	-0.055178482
chr1B	592171959	592171960	-0.013966499
chr1B	604553031	604553032	-0.188443518
chr1B	616131697	616131698	0.001433026
chr1B	621272338	621272339	-0.36845679
chr1B	621580470	621580471	-0.291075838
chr1B	623731305	623731306	-0.464285714
chr1B	631718052	631718053	-0.25297619
chr1B	636679891	636679892	0.087193802
chr1B	638035689	638035690	0.250180815
chr1B	645141955	645141956	0.393633196
chr1B	645888065	645888066	0.352503897
chr1B	664285611	664285612	0.262333905
chr1B	670385071	670385072	0.087066525
chr1B	673642276	673642277	0.106114144
chr1B	674499861	674499862	0.050993202
chr1B	676203761	676203762	0.083979313
chr1B	676271976	676271977	0.097406064
chr1B	681552915	681552916	0.075183842
chr1B	683411462	683411463	0.076195988
chr1B	683485115	683485116	0.040578298
chr1B	689221614	689221615	-0.003508772
chr2A	4169546	4169547	0.070565302
chr2A	4313036	4313037	0.102693603
chr2A	12327213	12327214	-0.122979798
chr2A	14811691	14811692	-0.145479798
chr2A	15528878	15528879	-0.221868687
chr2A	24174869	24174870	-0.243333333
chr2A	30458116	30458117	0.135238095
chr2A	31785613	31785614	0.135416667
chr2A	32497290	32497291	0.215073529
chr2A	37083818	37083819	0.225490196
chr2A	55554917	55554918	-0.061414566
chr2A	58867945	58867946	-0.039093137
chr2A	62369471	62369472	-0.097916667
chr2A	63691154	63691155	-0.170502646
chr2A	65520629	65520630	-0.116393327
chr2A	68879221	68879222	-0.116393327
chr2A	70976440	70976441	-0.116393327
chr2A	73170606	73170607	-0.043734505
chr2A	76344773	76344774	0.093822844
chr2A	77798349	77798350	0.07298951
chr2A	86443155	86443156	0.059731935
chr2A	88287244	88287245	-0.034173243
chr2A	102031835	102031836	-0.111538406
chr2A	103985057	103985058	-0.142292374
chr2A	105408063	105408064	-0.140518539
chr2A	105630325	105630326	-0.101220519
chr2A	118446189	118446190	-0.099071805
chr2A	122009062	122009063	0.031086925
chr2A	130724366	130724367	0.00365557
chr2A	131707648	131707649	-0.014726783
chr2A	141897730	141897731	-0.081871444
chr2A	144861172	144861173	-0.139014301
chr2A	160845398	160845399	-0.115250722
chr2A	167950947	167950948	-0.026504698
chr2A	170469903	170469904	0.00032611
chr2A	171611670	171611671	-0.086319853
chr2A	172216700	172216701	-0.012102404
chr2A	178573524	178573525	-0.01353225
chr2A	195818412	195818413	0.054379005
chr2A	197088513	197088514	0.115132111
chr2A	203905042	203905043	-0.008210896
chr2A	211915106	211915107	-0.066360405
chr2A	258350708	258350709	-0.098286812
chr2A	272967817	272967818	-0.093822527
chr2A	277600246	277600247	-0.01547619
chr2A	278918636	278918637	-0.039285714
chr2A	283950500	283950501	-0.116603005
chr2A	319037617	319037618	-0.188031576
chr2A	334590695	334590696	-0.20210084
chr2A	360425050	360425051	-0.144957983
chr2A	362049004	362049005	0.045238095
chr2A	367658089	367658090	0.053973168
chr2A	378849964	378849965	0.04829135
chr2A	384893323	384893324	0.047141229
chr2A	389223720	389223721	0.144760277
chr2A	390888748	390888749	0.188851234
chr2A	391872851	391872852	0.164641748
chr2A	394752133	394752134	0.103291869
chr2A	453512871	453512872	-0.095120829
chr2A	467224980	467224981	-0.056228433
chr2A	471516905	471516906	-0.013179234
chr2A	499578946	499578947	-0.013897625
chr2A	501843262	501843263	-0.035679732
chr2A	507697158	507697159	-0.047636254
chr2A	511123670	511123671	-0.094127482
chr2A	519403393	519403394	-0.030909091
chr2A	520562497	520562498	0.0375
chr2A	522497105	522497106	0.004178538
chr2A	524145904	524145905	0.016542626
chr2A	526302238	526302239	0.037375959
chr2A	535414946	535414947	-0.025124041
chr2A	535713088	535713089	-0.013772275
chr2A	542455034	542455035	-0.098883573
chr2A	543184127	543184128	-0.147974482
chr2A	553269851	553269852	-0.144047049
chr2A	554519997	554519998	-0.188804518
chr2A	563770067	563770068	-0.169944869
chr2A	564264267	564264268	-0.160919383
chr2A	568415139	568415140	-0.025228593
chr2A	570930947	570930948	0.069429526
chr2A	574975139	574975140	0.158890311
chr2A	576074341	576074342	0.161683007
chr2A	581942166	581942167	0.023395655
chr2A	593302928	593302929	0.050940006
chr2A	600916424	600916425	-0.01572666
chr2A	611304801	611304802	-0.136794995
chr2A	612422030	612422031	-0.210469188
chr2A	612847732	612847733	-0.270588235
chr2A	615739783	615739784	-0.218315508
chr2A	623941955	623941956	-0.127854982
chr2A	642201463	642201464	-0.042601714
chr2A	642908968	642908969	-0.038927658
chr2A	654908017	654908018	-0.048833438
chr2A	657810186	657810187	0.048916263
chr2A	660284362	660284363	0.099402745
chr2A	662333767	662333768	0.008228689
chr2A	666555569	666555570	0.007456922
chr2A	670234664	670234665	-0.076797386
chr2A	678125014	678125015	-0.040994916
chr2A	679976754	679976755	-0.18936093
chr2A	681094047	681094048	-0.40308642
chr2A	687313572	687313573	-0.406376812
chr2A	688621454	688621455	-0.309590301
chr2A	688629284	688629285	-0.254530777
chr2A	692039780	692039781	-0.087864111
chr2A	699874418	699874419	-0.104422965
chr2A	705847297	705847298	-0.162115273
chr2A	715415853	715415854	-0.164566396
chr2A	718383623	718383624	0.0625
chr2A	723061913	723061914	-0.026234568
chr2A	724620346	724620347	-0.063249454
chr2A	729823036	729823037	0.07756291
chr2A	729835481	729835482	0.056729576
chr2A	733927002	733927003	0.071670654
chr2A	734629911	734629912	0.066287879
chr2A	739253525	739253526	-0.041666667
chr2A	739431672	739431673	-0.241666667
chr2A	746599255	746599256	-0.153030303
chr2A	746620732	746620733	-0.259090909
chr2A	748444113	748444114	-0.038674927
chr2A	750953746	750953747	-0.129584018
chr2A	754358606	754358607	-0.033023171
chr2A	755788109	755788110	0.006283069
chr2A	758403523	758403524	0.063045635
chr2A	759464233	759464234	0.188045635
chr2A	760599679	760599680	0.152556818
chr2A	765374366	765374367	0.053598485
chr2A	771191868	771191869	0.120265152
chr2A	771242255	771242256	-0.037343544
chr2A	771340514	771340515	-0.092391304
chr2A	771772859	771772860	-0.050724638
chr2A	777521389	777521390	-0.245169082
chr2B	4472737	4472738	-0.188570487
chr2B	8133536	8133537	-0.0963664
chr2B	13274144	13274145	-0.0338664
chr2B	13481537	13481538	-0.006088622
chr2B	18932814	18932815	-0.034046775
chr2B	19102621	19102622	-0.101190476
chr2B	19414370	19414371	-0.084096459
chr2B	23541962	23541963	-0.0503663
chr2B	27617152	27617153	-0.071398046
chr2B	27720899	27720900	0.004246795
chr2B	28884882	28884883	-0.024751984
chr2B	57779041	57779042	-0.06572852
chr2B	58826388	58826389	-0.077605596
chr2B	88179131	88179132	-0.088603973
chr2B	93933339	93933340	-0.227340236
chr2B	110466288	110466289	-0.097177193
chr2B	134243036	134243037	-0.17524045
chr2B	139354229	139354230	0.115561341
chr2B	154903218	154903219	-0.044242581
chr2B	165506612	165506613	-0.158181936
chr2B	166611366	166611367	-0.141597169
chr2B	175647823	175647824	0.040942513
chr2B	186375027	186375028	0.229545455
chr2B	189503317	189503318	0.425974026
chr2B	189623602	189623603	0.421428571
chr2B	194642708	194642709	0.153571429
chr2B	200569039	200569040	0.015533151
chr2B	206119065	206119066	0.06910458
chr2B	228758843	228758844	0.130468216
chr2B	239846409	239846410	0.126262626
chr2B	246363940	246363941	-0.028499278
chr2B	359862847	359862848	0.06024531
chr2B	367789265	367789266	0.000968691
chr2B	369501656	369501657	0.000968691
chr2B	371562213	371562214	-0.042708915
chr2B	375537369	375537370	-0.146972457
chr2B	378682710	378682711	-0.084007165
chr2B	384671383	384671384	-0.060142923
chr2B	387081512	387081513	0.080856112
chr2B	401150438	401150439	0.02035547
chr2B	404745207	404745208	0.25160547
chr2B	409343534	409343535	0.287265038
chr2B	415444054	415444055	0.204091961
chr2B	416186421	416186422	0.290934066
chr2B	417081055	417081056	0.186233211
chr2B	453811147	453811148	0.238176638
chr2B	464467048	464467049	0.267938543
chr2B	465133972	465133973	-0.11468254
chr2B	478190327	478190328	-0.08981397
chr2B	481119514	481119515	-0.175761453
chr2B	485926282	485926283	0.013127436
chr2B	491023461	491023462	0.203911143
chr2B	494264599	494264600	0.183153137
chr2B	512357563	512357564	0.202090965
chr2B	518741738	518741739	0.166376679
chr2B	525075898	525075899	-0.039575702
chr2B	527308162	527308163	-0.028128816
chr2B	527884519	527884520	-0.185714286
chr2B	529695744	529695745	-0.16084507
chr2B	552340531	552340532	-0.091124986
chr2B	575148696	575148697	-0.112191784
chr2B	576693259	576693260	0.024266549
chr2B	583554660	583554661	-0.069055047
chr2B	585895532	585895533	-0.129461406
chr2B	616954575	616954576	-0.150061275
chr2B	625934293	625934294	-0.093504902
chr2B	631726105	631726106	0.093995098
chr2B	632169222	632169223	0.096586134
chr2B	647742288	647742289	-0.070080532
chr2B	657301018	657301019	-0.429497354
chr2B	671213549	671213550	-0.363603989
chr2B	673170839	673170840	-0.094540808
chr2B	683309106	683309107	-0.007065174
chr2B	687635154	687635155	-0.075700243
chr2B	690218224	690218225	-0.048378522
chr2B	708186066	708186067	0.141262247
chr2B	719520083	719520084	0.196902863
chr2B	724692665	724692666	0.107797655
chr2B	732599076	732599077	-0.066699416
chr2B	741248063	741248064	-0.046582457
chr2B	742454819	742454820	-0.159936843
chr2B	746322603	746322604	-0.165144088
chr2B	749419881	749419882	-0.080567581
chr2B	752857591	752857592	-0.143067581
chr2B	758899560	758899561	-0.087512025
chr2B	762028129	762028130	-0.062169312
chr2B	775360153	775360154	-0.136548637
chr2B	776748496	776748497	0.026645808
chr2B	777114387	777114388	0.155448142
chr2B	777514967	777514968	0.182233856
chr2B	779360941	779360942	0.004540678
chr2B	779837507	779837508	-0.407936508
chr2B	801224989	801224990	-0.450505051
chr3A	431211	431212	-0.337878788
chr3A	1380838	1380839	-0.246212121
chr3A	7498162	7498163	0.011936027
chr3A	8795717	8795718	0.015291005
chr3A	9845587	9845588	0.028624339
chr3A	10302235	10302236	-0.114232804
chr3A	19881018	19881019	-0.256834734
chr3A	20101724	20101725	-0.347310924
chr3A	20772071	20772072	-0.301334948
chr3A	28126301	28126302	-0.196879059
chr3A	32427820	32427821	-0.033540143
chr3A	61319480	61319481	0.031043191
chr3A	66508726	66508727	0.221733881
chr3A	78902692	78902693	0.275
chr3A	86457821	86457822	0.496114865
chr3A	90863038	90863039	0.627172557
chr3A	108458216	108458217	0.380148748
chr3A	120802099	120802100	0.383252633
chr3A	121479890	121479891	0.160311456
chr3A	127194276	127194277	0.048003764
chr3A	128078323	128078324	0.058737251
chr3A	128308855	128308856	0.040768501
chr3A	128540386	128540387	0.002840112
chr3A	148605875	148605876	-0.004104332
chr3A	177702727	177702728	-0.01781401
chr3A	204828693	204828694	0.008073087
chr3A	206628048	206628049	-0.034087651
chr3A	219800565	219800566	0.056190127
chr3A	243866871	243866872	0.056190127
chr3A	275291911	275291912	0.040719697
chr3A	290449488	290449489	0.065972222
chr3A	309341213	309341214	0.024305556
chr3A	315889068	315889069	0.124305556
chr3A	322329000	322329001	0.147222222
chr3A	360832128	360832129	0.243297774
chr3A	383699041	383699042	0.201631107
chr3A	412375457	412375458	0.182571269
chr3A	418589343	418589344	0.091507571
chr3A	427765357	427765358	0.208174237
chr3A	437870333	437870334	0.147797345
chr3A	439290236	439290237	0.129363517
chr3A	443420954	443420955	0.083530184
chr3A	444458518	444458519	0.071787759
chr3A	447273234	447273235	0.080121093
chr3A	468587020	468587021	-0.021546346
chr3A	489568462	489568463	0.06372549
chr3A	498787790	498787791	0.15
chr3A	502843190	502843191	-0.011111111
chr3A	506667968	506667969	0.116666667
chr3A	507595876	507595877	0.033333333
chr3A	515284069	515284070	0.070887446
chr3A	519085551	519085552	0.154220779
chr3A	529215791	529215792	0.029220779
chr3A	529614627	529614628	0.029605395
chr3A	532857927	532857928	0.031634615
chr3A	538016776	538016777	0.031634615
chr3A	539376567	539376568	0.068822115
chr3A	549418397	549418398	0.154747024
chr3A	556553794	556553795	0.098881639
chr3A	556666236	556666237	0.22009376
chr3A	558516320	558516321	0.18548358
chr3A	558892041	558892042	0.099174056
chr3A	562285903	562285904	0.123789441
chr3A	586892505	586892506	-0.018256014
chr3A	588947329	588947330	0.0375
chr3A	597233810	597233811	0.125886525
chr3A	601543711	601543712	0.125886525
chr3A	606672179	606672180	0.234219858
chr3A	607487010	607487011	0.175886525
chr3A	610524964	610524965	0.0875
chr3A	613169064	613169065	0.0875
chr3A	618166495	618166496	0.071590909
chr3A	621319433	621319434	0.178733766
chr3A	627966266	627966267	0.259090909
chr3A	657616838	657616839	0.373538961
chr3A	663580858	663580859	0.481948052
chr3A	680354969	680354970	0.324805195
chr3A	681464613	681464614	0.431948052
chr3A	686162154	686162155	0.481319876
chr3A	703204615	703204616	0.438339107
chr3A	714034538	714034539	0.450119453
chr3A	731226256	731226257	0.244526541
chr3A	737209116	737209117	0.172945344
chr3A	738900729	738900730	0.171563747
chr3B	265589	265590	0.15480859
chr3B	3028386	3028387	0.065919701
chr3B	11562431	11562432	0.074028208
chr3B	14023391	14023392	0.222187822
chr3B	14986158	14986159	0.287628999
chr3B	18156348	18156349	0.278734973
chr3B	19166236	19166237	0.220228077
chr3B	20459804	20459805	0.079821915
chr3B	22517511	22517512	0.100655248
chr3B	23782425	23782426	0.188103196
chr3B	39571155	39571156	0.460294118
chr3B	52836839	52836840	0.21281937
chr3B	65328055	65328056	0.053245541
chr3B	72237488	72237489	0.030318771
chr3B	72713626	72713627	-0.130250335
chr3B	72952304	72952305	-0.027977608
chr3B	79561498	79561499	-0.003517824
chr3B	82070835	82070836	0.037347561
chr3B	84738535	84738536	0.03125
chr3B	89093560	89093561	0.03125
chr3B	92124277	92124278	0.03125
chr3B	94866011	94866012	0
chr3B	97087512	97087513	-0.019480519
chr3B	99698025	99698026	-0.058528139
chr3B	117589430	117589431	-0.183528139
chr3B	142870026	142870027	-0.266861472
chr3B	158209948	158209949	-0.027777778
chr3B	163664381	163664382	0.188888889
chr3B	166654029	166654030	0.31372549
chr3B	171591228	171591229	0.281031666
chr3B	174463601	174463602	0.032420554
chr3B	179673416	179673417	-0.058109749
chr3B	182387564	182387565	-0.244781145
chr3B	237292008	237292009	-0.179731588
chr3B	239882539	239882540	-0.132834041
chr3B	256254735	256254736	-0.121615437
chr3B	269253648	269253649	-0.066059882
chr3B	279682187	279682188	-0.053735938
chr3B	341211029	341211030	-0.035878795
chr3B	342884913	342884914	-0.170138889
chr3B	351990173	351990174	-0.104495614
chr3B	361012619	361012620	-0.062828947
chr3B	369047123	369047124	0.062171053
chr3B	373843474	373843475	0.192253884
chr3B	379682016	379682017	0.194751697
chr3B	397675815	397675816	0.216271844
chr3B	407187970	407187971	0.091271844
chr3B	409604762	409604763	0.189807434
chr3B	413805555	413805556	0.141805234
chr3B	418473776	418473777	0.130476006
chr3B	420412024	420412025	0.130476006
chr3B	428089688	428089689	0.04925452
chr3B	439466009	439466010	-0.013001974
chr3B	440228927	440228928	-0.040009122
chr3B	445883507	445883508	-0.116398011
chr3B	450224189	450224190	-0.307544945
chr3B	452552838	452552839	-0.197967023
chr3B	455055770	455055771	-0.19156746
chr3B	465339391	465339392	-0.07032563
chr3B	465502733	465502734	0.111545979
chr3B	469637525	469637526	0.099641217
chr3B	522031599	522031600	0.062956435
chr3B	527302156	527302157	0.026404898
chr3B	527659084	527659085	-0.122133378
chr3B	534195355	534195356	-0.190585759
chr3B	539671799	539671800	-0.279978562
chr3B	545068595	545068596	-0.26122369
chr3B	553729877	553729878	-0.173128452
chr3B	581639672	581639673	0.00643504
chr3B	588478687	588478688	0.154040404
chr3B	593562555	593562556	0.142247285
chr3B	596600443	596600444	0.304152047
chr3B	598189096	598189097	0.18772631
chr3B	615879769	615879770	0.166546773
chr3B	628120259	628120260	0.151283615
chr3B	636249037	636249038	0.234616948
chr3B	650598740	650598741	0.134845789
chr3B	656283444	656283445	-0.084252451
chr3B	668075524	668075525	-0.073034502
chr3B	668146375	668146376	-0.156367836
chr3B	670697991	670697992	0.004020979
chr3B	679632399	679632400	0.232874362
chr3B	690389744	690389745	0.256271798
chr3B	721041515	721041516	0.125101215
chr3B	725388676	725388677	-0.078846154
chr3B	732433534	732433535	-0.103933277
chr3B	733563307	733563308	-0.161283291
chr3B	750900976	750900977	-0.379140434
chr3B	761903309	761903310	-0.26193105
chr3B	765671007	765671008	-0.242474682
chr3B	772894280	772894281	-0.075808016
chr3B	780511877	780511878	0.165326736
chr3B	795184739	795184740	0.148311452
chr3B	797451239	797451240	0.113055042
chr3B	798494826	798494827	0.042221708
chr3B	804670403	804670404	0.076086957
chr3B	810532842	810532843	-0.016572398
chr3B	811658416	811658417	0.045927602
chr3B	815873750	815873751	-0.180429864
chr3B	826096414	826096415	0.048809524
chr4A	4637493	4637494	-0.007857143
chr4A	11810828	11810829	-0.052483766
chr4A	13654529	13654530	0.093349567
chr4A	17745301	17745302	0.119242424
chr4A	17897586	17897587	0.134536542
chr4A	29069016	29069017	0.005392157
chr4A	37820532	37820533	-0.25
chr4A	45337458	45337459	-0.161835749
chr4A	46283622	46283623	-0.128698823
chr4A	46424494	46424495	-0.028698823
chr4A	47628574	47628575	0.001624031
chr4A	66147774	66147775	-0.017458094
chr4A	80174303	80174304	0.089814815
chr4A	87400231	87400232	-0.024470899
chr4A	104267601	104267602	0.01007326
chr4A	106341797	106341798	0.068406593
chr4A	111054144	111054145	-0.040888278
chr4A	115788198	115788199	-0.001602564
chr4A	117669427	117669428	-0.105723443
chr4A	117704747	117704748	-0.064056777
chr4A	119088564	119088565	-0.053296703
chr4A	121155253	121155254	-0.070779221
chr4A	136277039	136277040	-0.048160173
chr4A	164511205	164511206	-0.048160173
chr4A	171206196	171206197	-0.041292041
chr4A	175401651	175401652	-0.028097517
chr4A	185989424	185989425	-0.12095466
chr4A	217349758	217349759	-0.233495103
chr4A	219176597	219176598	-0.227777778
chr4A	236149052	236149053	-0.154708918
chr4A	306320570	306320571	-0.153967303
chr4A	338748857	338748858	-0.215536405
chr4A	358864888	358864889	-0.215536405
chr4A	379040224	379040225	-0.278671383
chr4A	380137496	380137497	-0.240735768
chr4A	409036770	409036771	-0.108682984
chr4A	422762421	422762422	0.021756022
chr4A	439010082	439010083	0
chr4A	453299603	453299604	0
chr4A	467250091	467250092	0
chr4A	479902581	479902582	0
chr4A	483380935	483380936	0
chr4A	489091341	489091342	0.020833333
chr4A	490593922	490593923	0.170833333
chr4A	491452826	491452827	0.130833333
chr4A	491688241	491688242	0.130833333
chr4A	496071891	496071892	0.11
chr4A	498693689	498693690	0.126666667
chr4A	500149707	500149708	0.166666667
chr4A	501959494	501959495	0.166666667
chr4A	511045996	511045997	0.140898345
chr4A	513804915	513804916	-0.040333539
chr4A	527124960	527124961	-0.040333539
chr4A	547980069	547980070	-0.06479066
chr4A	550500326	550500327	-0.063148148
chr4A	558219561	558219562	-0.063148148
chr4A	567326996	567326997	-0.047361111
chr4A	576039902	576039903	-0.107083333
chr4A	576052932	576052933	-0.260416667
chr4A	580710540	580710541	-0.260416667
chr4A	581470015	581470016	-0.260416667
chr4A	582525165	582525166	-0.325
chr4A	584521046	584521047	-0.158333333
chr4A	584885129	584885130	-0.158333333
chr4A	590502105	590502106	-0.308333333
chr4A	591073757	591073758	-0.15
chr4A	591848840	591848841	-0.139966555
chr4A	594140853	594140854	-0.139966555
chr4A	595283962	595283963	0.010033445
chr4A	595375339	595375340	0.010033445
chr4A	596506124	596506125	0
chr4A	596840295	596840296	0
chr4A	597914165	597914166	0
chr4A	599732174	599732175	-0.051948052
chr4A	603511488	603511489	-0.051948052
chr4A	605027062	605027063	-0.051948052
chr4A	605642764	605642765	-0.051948052
chr4A	605723199	605723200	0.071428571
chr4A	606805813	606805814	-0.011904762
chr4A	608608678	608608679	0.01914787
chr4A	610619861	610619862	0.01914787
chr4A	613402056	613402057	-0.056447368
chr4A	613568398	613568399	0.034360566
chr4A	613812521	613812522	0.021165077
chr4A	616985135	616985136	-0.030208878
chr4A	621813723	621813724	0.005564462
chr4A	624936719	624936720	0.048089861
chr4A	625253359	625253360	0.019816051
chr4A	625883502	625883503	0.059166412
chr4A	626022572	626022573	0.05728002
chr4A	627052074	627052075	0.005921324
chr4A	628088178	628088179	0.011576086
chr4A	630770148	630770149	-0.013900321
chr4A	647181260	647181261	-0.028350619
chr4A	661050272	661050273	0.003266596
chr4A	665442161	665442162	0.072982839
chr4A	669830836	669830837	0.148944377
chr4A	673718380	673718381	0.189229951
chr4A	675600875	675600876	0.110757146
chr4A	675955262	675955263	0.038543807
chr4A	678872658	678872659	-0.014623614
chr4A	680453264	680453265	-0.052885936
chr4A	686548310	686548311	0.074197397
chr4A	686594075	686594076	0.100900843
chr4A	699795818	699795819	0.0903542
chr4A	708650319	708650320	0.048236405
chr4A	710272018	710272019	-0.021312467
chr4A	718424416	718424417	-0.020672515
chr4A	722843990	722843991	0.018896613
chr4A	722884948	722884949	-0.037842457
chr4A	725671133	725671134	-0.064096128
chr4A	732520383	732520384	-0.064096128
chr4A	732770579	732770580	-0.052061922
chr4A	733839164	733839165	0.024405288
chr4A	737334869	737334870	0.163294177
chr4A	737412731	737412732	0.163294177
chr4A	738746921	738746922	0.175695125
chr4A	738782216	738782217	0.101212043
chr4A	739035709	739035710	-0.043629227
chr4A	739524624	739524625	-0.043629227
chr4A	742558836	742558837	-0.066186418
chr4A	742824315	742824316	-0.034936418
chr4B	4300020	4300021	-0.076603084
chr4B	13422533	13422534	-0.150132496
chr4B	14125269	14125270	-0.109150327
chr4B	15760474	15760475	-0.090631808
chr4B	17017367	17017368	-0.083501684
chr4B	17489948	17489949	-0.128312537
chr4B	24918915	24918916	-0.1885918
chr4B	26794124	26794125	-0.097682709
chr4B	27186306	27186307	-0.01010101
chr4B	27533725	27533726	0.075757576
chr4B	27641734	27641735	0.005514135
chr4B	27905057	27905058	-0.025468771
chr4B	28416600	28416601	-0.025468771
chr4B	28490698	28490699	-0.161877501
chr4B	28626234	28626235	-0.084058303
chr4B	29665771	29665772	-0.090575397
chr4B	30363064	30363065	-0.007242063
chr4B	30863007	30863008	0.045833333
chr4B	31126489	31126490	0.021936275
chr4B	33632740	33632741	-0.057230392
chr4B	34720472	34720473	-0.140563725
chr4B	36456607	36456608	-0.140563725
chr4B	37317525	37317526	-0.123623188
chr4B	38026896	38026897	-0.006956522
chr4B	39908491	39908492	-0.006956522
chr4B	41013631	41013632	-0.006956522
chr4B	43173501	43173502	0
chr4B	45776793	45776794	-0.086419753
chr4B	52816970	52816971	-0.086419753
chr4B	60545971	60545972	-0.086419753
chr4B	62949548	62949549	-0.064814815
chr4B	73299562	73299563	0
chr4B	81379346	81379347	-0.160714286
chr4B	82016277	82016278	-0.160714286
chr4B	86076887	86076888	-0.160714286
chr4B	93288404	93288405	-0.160714286
chr4B	93740412	93740413	-0.166666667
chr4B	96642949	96642950	-0.166666667
chr4B	99081579	99081580	-0.166666667
chr4B	99436326	99436327	-0.166666667
chr4B	102461147	102461148	0
chr4B	106059323	106059324	0
chr4B	108690839	108690840	-0.0546875
chr4B	109827068	109827069	-0.036359054
chr4B	112920001	112920002	-0.013184621
chr4B	121937239	121937240	0.259732045
chr4B	122213072	122213073	0.240670462
chr4B	123920710	123920711	0.064515385
chr4B	128021327	128021328	0.003704138
chr4B	132335498	132335499	-0.190668156
chr4B	154978298	154978299	-0.242777338
chr4B	158278499	158278500	-0.126789877
chr4B	171659587	171659588	-0.082449217
chr4B	172508330	172508331	-0.038076923
chr4B	173967894	173967895	-0.001056972
chr4B	179310369	179310370	0.123943028
chr4B	181251347	181251348	0.122184787
chr4B	184239456	184239457	0.122184787
chr4B	237894395	237894396	0.15546398
chr4B	242705643	242705644	0.03046398
chr4B	242749605	242749606	0.022222222
chr4B	335941494	335941495	0.272222222
chr4B	339265305	339265306	0.25
chr4B	364681093	364681094	0.333333333
chr4B	373983874	373983875	-0.068783069
chr4B	376143425	376143426	-0.07989418
chr4B	387800700	387800701	-0.059920635
chr4B	387869664	387869665	-0.015602453
chr4B	391550760	391550761	0.035984848
chr4B	392045561	392045562	0.044318182
chr4B	394375786	394375787	-0.016606188
chr4B	405371987	405371988	-0.06092437
chr4B	412778679	412778680	-0.06092437
chr4B	423047713	423047714	-0.156162465
chr4B	427505323	427505324	-0.095238095
chr4B	431790466	431790467	-0.095238095
chr4B	432788670	432788671	-0.135907952
chr4B	438335768	438335769	-0.162952465
chr4B	443453866	443453867	-0.162952465
chr4B	450457641	450457642	-0.162952465
chr4B	454033477	454033478	-0.0697616
chr4B	465028418	465028419	0.026358218
chr4B	467911645	467911646	0.026358218
chr4B	467985002	467985003	0.026358218
chr4B	469470247	469470248	-0.115117817
chr4B	475193987	475193988	-0.088955026
chr4B	480051335	480051336	-0.113680301
chr4B	480652587	480652588	0.011319699
chr4B	483762309	483762310	0.100274725
chr4B	491465764	491465765	0.023804137
chr4B	504181836	504181837	0.006862745
chr4B	518688379	518688380	-0.146708683
chr4B	519824400	519824401	-0.084208683
chr4B	527005412	527005413	-0.020595238
chr4B	562700455	562700456	-0.00479064
chr4B	564871924	564871925	0.107114122
chr4B	565747904	565747905	0.06483471
chr4B	566595414	566595415	0.042409595
chr4B	567470115	567470116	-0.056728336
chr4B	568666155	568666156	-0.163871194
chr4B	572553195	572553196	-0.205195678
chr4B	575039696	575039697	-0.187070283
chr4B	575041209	575041210	-0.048433919
chr4B	590853681	590853682	-0.090596617
chr4B	600438867	600438868	-0.079909388
chr4B	612844979	612844980	-0.084929945
chr4B	616308735	616308736	-0.145441308
chr4B	618251501	618251502	-0.055659562
chr4B	623787058	623787059	-0.020242896
chr4B	631418105	631418106	-0.148065476
chr4B	631528139	631528140	-0.301190476
chr4B	634317425	634317426	-0.287028986
chr4B	636930895	636930896	-0.367584541
chr4B	638122134	638122135	-0.217584541
chr4B	642946000	642946001	-0.023834541
chr4B	647727936	647727937	-0.061805556
chr4B	652855765	652855766	-0.038194444
chr4B	656827863	656827864	-0.021411228
chr4B	657169155	657169156	-0.041519923
chr4B	673240414	673240415	0.04278825
chr5A	641125	641126	-0.041127834
chr5A	645524	645525	-0.081318303
chr5A	1833735	1833736	-0.142806909
chr5A	2647709	2647710	-0.090723576
chr5A	4664160	4664161	-0.04456973
chr5A	5992471	5992472	0.119444444
chr5A	11066777	11066778	-0.040800866
chr5A	14266416	14266417	-0.089945675
chr5A	18813373	18813374	-0.112167897
chr5A	22718907	22718908	-0.081884544
chr5A	25699757	25699758	-0.065650778
chr5A	26447110	26447111	-0.018591954
chr5A	30408560	30408561	0.060574713
chr5A	42109793	42109794	0.13452381
chr5A	47584840	47584841	0.13452381
chr5A	64944149	64944150	0.301190476
chr5A	68617665	68617666	0.242857143
chr5A	70493396	70493397	0.166666667
chr5A	87401990	87401991	0.166666667
chr5A	100618668	100618669	-0.104166667
chr5A	118758788	118758789	-0.104166667
chr5A	119575136	119575137	-0.104166667
chr5A	129109577	129109578	-0.104166667
chr5A	129603777	129603778	-0.001470588
chr5A	134085571	134085572	-0.151470588
chr5A	160775266	160775267	0.036029412
chr5A	197219998	197219999	0.074918301
chr5A	206729769	206729770	0.076388889
chr5A	207739207	207739208	-0.023611111
chr5A	227923259	227923260	-0.251424964
chr5A	227924480	227924481	-0.290313853
chr5A	250561002	250561003	-0.295748635
chr5A	263507723	263507724	-0.054432169
chr5A	265544218	265544219	-0.014118316
chr5A	275954240	275954241	-0.034951649
chr5A	288259919	288259920	-0.079516867
chr5A	307211994	307211995	-0.070833333
chr5A	311675350	311675351	-0.005505638
chr5A	312232998	312232999	0.106504166
chr5A	316513781	316513782	0.156504166
chr5A	320266646	320266647	0.114837499
chr5A	328726848	328726849	0.007843137
chr5A	332648754	332648755	-0.083333333
chr5A	333408135	333408136	-0.083333333
chr5A	335302784	335302785	-0.021212121
chr5A	335675537	335675538	0.020454545
chr5A	342330535	342330536	0.070454545
chr5A	353601934	353601935	0.070454545
chr5A	361447482	361447483	0.144318182
chr5A	361709290	361709291	0.210004456
chr5A	369630033	369630034	0.088575885
chr5A	370245909	370245910	0.005242552
chr5A	377324494	377324495	-0.106932773
chr5A	377923991	377923992	-0.172619048
chr5A	382115631	382115632	0.023809524
chr5A	382765572	382765573	0.06547619
chr5A	386171535	386171536	-0.016666667
chr5A	387922588	387922589	-0.016666667
chr5A	393364463	393364464	-0.141666667
chr5A	395916845	395916846	-0.1
chr5A	413193515	413193516	0
chr5A	417903492	417903493	0.04
chr5A	426275084	426275085	0.056666667
chr5A	428996587	428996588	0.161708683
chr5A	438147424	438147425	0.07837535
chr5A	439434767	439434768	0.03837535
chr5A	442701848	442701849	0.146708683
chr5A	444943308	444943309	0.035087719
chr5A	454270460	454270461	0.118421053
chr5A	457076519	457076520	0.222267206
chr5A	459337794	459337795	0.165575287
chr5A	473010733	473010734	0.236897824
chr5A	473022507	473022508	0.204846542
chr5A	475525192	475525193	0.076000389
chr5A	480042486	480042487	0.009651669
chr5A	488418755	488418756	-0.055091921
chr5A	490318486	490318487	-0.023040639
chr5A	491315024	491315025	0.001959361
chr5A	494232972	494232973	0
chr5A	495868795	495868796	0.05
chr5A	503056584	503056585	0.182591093
chr5A	513842962	513842963	0.147566939
chr5A	519693839	519693840	0.104709796
chr5A	519949991	519949992	0.108281224
chr5A	536291647	536291648	-0.050698758
chr5A	538582360	538582361	-0.042189755
chr5A	539504549	539504550	-0.056150794
chr5A	545059139	545059140	-0.046252834
chr5A	546893706	546893707	-0.09923705
chr5A	559746802	559746803	-0.079053067
chr5A	561655043	561655044	-0.088614858
chr5A	564081695	564081696	-0.168750913
chr5A	569182423	569182424	-0.210409555
chr5A	574198069	574198070	-0.090442022
chr5A	588740679	588740680	-0.020093795
chr5A	591094370	591094371	-0.003427128
chr5A	598009641	598009642	0.117604618
chr5A	600067451	600067452	0.003968254
chr5A	603007104	603007105	0.25
chr5A	608623540	608623541	0.25
chr5A	610221381	610221382	0.181612319
chr5A	610459800	610459801	0.181612319
chr5A	613590707	613590708	-0.235054348
chr5A	615179636	615179637	-0.235054348
chr5A	617350766	617350767	-0.166666667
chr5A	619957439	619957440	-0.065660475
chr5A	622777493	622777494	0.173922859
chr5A	624744194	624744195	0.173922859
chr5A	632836138	632836139	0.189547859
chr5A	637128619	637128620	0.088541667
chr5A	644098252	644098253	0.203125
chr5A	649843028	649843029	0.25
chr5A	657051747	657051748	0.322439162
chr5A	657105425	657105426	-0.054544965
chr5A	660436080	660436081	-0.040908723
chr5A	663305768	663305769	-0.040908723
chr5A	664553759	664553760	-0.070238095
chr5A	670820795	670820796	0.025
chr5A	671443799	671443800	0.025
chr5A	677140272	677140273	0.0875
chr5A	678204320	678204321	0.091801075
chr5A	680834726	680834727	0.091801075
chr5A	681288160	681288161	0.091801075
chr5A	684691038	684691039	0.029301075
chr5A	691401163	691401164	-0.0625
chr5A	693300405	693300406	-0.024187307
chr5A	698002987	698002988	-0.071062307
chr5A	702191734	702191735	-0.071062307
chr5A	702720971	702720972	0.02433243
chr5A	707644075	707644076	0.048519737
chr5A	709759074	709759075	0.091139418
chr5B	2613348	2613349	0.091139418
chr5B	3917735	3917736	0.080612743
chr5B	11517109	11517110	0.018112743
chr5B	12856142	12856143	0.022368062
chr5B	19814987	19814988	0.037828589
chr5B	20170940	20170941	0.015460526
chr5B	25267878	25267879	0.015460526
chr5B	26847539	26847540	-0.00102996
chr5B	37372697	37372698	0.048719756
chr5B	48859706	48859707	0.248719756
chr5B	54549929	54549930	0.261183261
chr5B	56570235	56570236	0.106143856
chr5B	64626936	64626937	0.078113553
chr5B	68838594	68838595	-0.037795538
chr5B	70914815	70914816	-0.009819347
chr5B	88170905	88170906	0.142424242
chr5B	95022919	95022920	0.148674242
chr5B	98666601	98666602	0.114583333
chr5B	98835492	98835493	0.048891129
chr5B	122438746	122438747	-0.021942204
chr5B	216507900	216507901	-0.05868671
chr5B	243918071	243918072	-0.153924805
chr5B	249578806	249578807	-0.092761586
chr5B	251901667	251901668	-0.059027183
chr5B	262055414	262055415	-0.133889821
chr5B	262355021	262355022	0.111348274
chr5B	277250567	277250568	0.148615355
chr5B	285830124	285830125	0.438095238
chr5B	289028030	289028031	0.142857143
chr5B	289705615	289705616	-0.050793651
chr5B	299607056	299607057	-0.149206349
chr5B	303912677	303912678	-0.174206349
chr5B	306424082	306424083	-0.095424837
chr5B	308561330	308561331	0.12124183
chr5B	316623256	316623257	0.432352941
chr5B	318174522	318174523	0.409852941
chr5B	322555843	322555844	0.333055556
chr5B	328107539	328107540	0.257892157
chr5B	333028197	333028198	0.026846405
chr5B	339496259	339496260	-0.027328236
chr5B	339536201	339536202	0.074854304
chr5B	343826699	343826700	0.042329114
chr5B	355689343	355689344	0.027407124
chr5B	368786150	368786151	0.017371321
chr5B	372863913	372863914	0.005466559
chr5B	392057309	392057310	-0.001575276
chr5B	409061235	409061236	0.081892466
chr5B	417551482	417551483	0.016519576
chr5B	420470624	420470625	-0.08764709
chr5B	429093781	429093782	-0.114476496
chr5B	434403309	434403310	-0.151976496
chr5B	437180514	437180515	-0.03128414
chr5B	438169205	438169206	0.0331098
chr5B	445651486	445651487	-0.200330371
chr5B	454896896	454896897	-0.414141414
chr5B	464393761	464393762	-0.154761905
chr5B	464629063	464629064	-0.103174603
chr5B	488126429	488126430	0.285714286
chr5B	488562089	488562090	0.525252525
chr5B	490732839	490732840	0.612432012
chr5B	491035754	491035755	0.480902957
chr5B	506312686	506312687	0.154771293
chr5B	507939297	507939298	0.105091806
chr5B	520037287	520037288	0.155807055
chr5B	520420315	520420316	0.250320513
chr5B	520871593	520871594	0.220411955
chr5B	531220160	531220161	0.017159169
chr5B	534471491	534471492	0.035533911
chr5B	538038357	538038358	0.087181337
chr5B	571708747	571708748	0.072916667
chr5B	575629806	575629807	-0.043078449
chr5B	582975098	582975099	-0.032760989
chr5B	588161096	588161097	0.144322344
chr5B	597080406	597080407	0.311904762
chr5B	599652890	599652891	0.341269841
chr5B	604022735	604022736	0.27992674
chr5B	611375694	611375695	0.148197961
chr5B	611646506	611646507	0.112483676
chr5B	619219167	619219168	-0.018468705
chr5B	619762880	619762881	0.020056936
chr5B	620012418	620012419	0.130305383
chr5B	622740145	622740146	0.141151944
chr5B	637124907	637124908	0.200704234
chr5B	639682386	639682387	0.209494556
chr5B	650015391	650015392	0.151429433
chr5B	654751430	654751431	0.154111011
chr5B	659505670	659505671	0.187034644
chr5B	660186892	660186893	0.187562503
chr5B	660370490	660370491	0.126482958
chr5B	660588739	660588740	-0.042402324
chr5B	661681489	661681490	-0.151819639
chr5B	664949549	664949550	-0.077209249
chr5B	670019103	670019104	0.116987179
chr5B	671355881	671355882	0.327787409
chr5B	674658780	674658781	0.482362729
chr5B	680665742	680665743	0.358893341
chr5B	681132056	681132057	0.172309092
chr5B	684032979	684032980	0.102632052
chr5B	684762634	684762635	0.218569552
chr5B	689950526	689950527	0.133110368
chr5B	693982129	693982130	0.170668643
chr5B	697377836	697377837	0.286837121
chr5B	698257603	698257604	0.027313312
chr5B	705270243	705270244	-0.060186688
chr5B	705483029	705483030	-0.020287698
chr6A	1879418	1879419	-0.306746032
chr6A	5466675	5466676	-0.372222222
chr6A	9318217	9318218	-0.286214265
chr6A	15492018	15492019	-0.209254347
chr6A	24830118	24830119	-0.024795462
chr6A	25639516	25639517	-0.105419197
chr6A	31358875	31358876	-0.386249478
chr6A	48104085	48104086	-0.152187108
chr6A	49843589	49843590	-0.085912698
chr6A	52036248	52036249	-0.169887057
chr6A	59090812	59090813	-0.028815629
chr6A	65802390	65802391	-0.156976548
chr6A	72430250	72430251	-0.326123374
chr6A	75369104	75369105	-0.192149015
chr6A	80704968	80704969	-0.164338937
chr6A	84970065	84970066	-0.155148606
chr6A	94207149	94207150	0.011785986
chr6A	97809306	97809307	0.027212148
chr6A	98239541	98239542	-0.076858814
chr6A	100355777	100355778	-0.099310777
chr6A	106936184	106936185	-0.122959426
chr6A	108944907	108944908	-0.142486184
chr6A	133760895	133760896	0
chr6A	143377065	143377066	-0.130681818
chr6A	146444478	146444479	-0.111935108
chr6A	153679305	153679306	-0.087076331
chr6A	154038904	154038905	-0.087076331
chr6A	158942739	158942740	-0.044462695
chr6A	160476032	160476033	-0.06657197
chr6A	182307615	182307616	-0.06344697
chr6A	189568481	189568482	-0.080929487
chr6A	192830704	192830705	-0.086137821
chr6A	201554646	201554647	-0.180756469
chr6A	204717530	204717531	-0.180756469
chr6A	206006206	206006207	-0.271607285
chr6A	219640253	219640254	-0.233490684
chr6A	222680169	222680170	-0.098152338
chr6A	263909560	263909561	-0.058936652
chr6A	297666151	297666152	0.013285571
chr6A	333959717	333959718	0.003104575
chr6A	346572553	346572554	-0.066559046
chr6A	359151033	359151034	-0.168274732
chr6A	364058564	364058565	-0.108266562
chr6A	370678841	370678842	-0.108266562
chr6A	383478531	383478532	-0.038602941
chr6A	384964741	384964742	-0.054227941
chr6A	405661337	405661338	-0.109125
chr6A	416654685	416654686	-0.192458333
chr6A	421226957	421226958	-0.379958333
chr6A	446902659	446902660	-0.355679487
chr6A	452277320	452277321	-0.324679487
chr6A	452776575	452776576	-0.340996503
chr6A	456777975	456777976	-0.132867133
chr6A	458229124	458229125	-0.132867133
chr6A	463526556	463526557	0.013333333
chr6A	467045488	467045489	0.01
chr6A	470899584	470899585	0.01
chr6A	473364271	473364272	0.067142857
chr6A	479538379	479538380	0.057142857
chr6A	484611866	484611867	-0.034203297
chr6A	495253106	495253107	-0.034203297
chr6A	496573646	496573647	-0.075721154
chr6A	507117410	507117411	-0.075721154
chr6A	510262619	510262620	0.015625
chr6A	514893939	514893940	0.015625
chr6A	521993141	521993142	0
chr6A	524332931	524332932	0
chr6A	532318281	532318282	0
chr6A	533257021	533257022	-0.008333333
chr6A	545320409	545320410	-0.008333333
chr6A	550285840	550285841	-0.109150327
chr6A	580537904	580537905	-0.266106443
chr6A	585194790	585194791	-0.256192174
chr6A	586777472	586777473	-0.158152958
chr6A	591018172	591018173	-0.085281385
chr6A	594434210	594434211	0.174242424
chr6A	594495329	594495330	0.221969697
chr6A	599055016	599055017	0.135652561
chr6A	602708334	602708335	0.155890657
chr6A	609728766	609728767	-0.087311736
chr6A	612292163	612292164	0.053418803
chr6A	614804231	614804232	-0.018009768
chr6A	617039663	617039664	0.029349817
chr6B	14093827	14093828	0.075923176
chr6B	16256510	16256511	0.223359073
chr6B	18847401	18847402	0.29012926
chr6B	26512731	26512732	0.284794111
chr6B	28157162	28157163	-0.006350417
chr6B	33736452	33736453	-0.008838871
chr6B	42500478	42500479	0.031973788
chr6B	49307083	49307084	0.135148391
chr6B	51769199	51769200	0.185362579
chr6B	52354454	52354455	0.141882485
chr6B	117837897	117837898	0.080516516
chr6B	130822837	130822838	0.043479479
chr6B	143466471	143466472	0.029504824
chr6B	149058591	149058592	-0.066760271
chr6B	171043154	171043155	-0.071487161
chr6B	172725139	172725140	0.016101491
chr6B	179469790	179469791	-0.015674603
chr6B	181836783	181836784	0.162566138
chr6B	185680638	185680639	0.110185185
chr6B	203920603	203920604	0.176851852
chr6B	210282257	210282258	0.347685185
chr6B	214087718	214087719	0.227083333
chr6B	224872985	224872986	0.287706044
chr6B	226402632	226402633	0.20753363
chr6B	227095530	227095531	0.216624539
chr6B	227649217	227649218	0.347874539
chr6B	227828079	227828080	0.303455532
chr6B	229522962	229522963	0.258627946
chr6B	234859328	234859329	0.170965608
chr6B	259292974	259292975	0.055176135
chr6B	259297377	259297378	0.082714197
chr6B	274209655	274209656	0.05266612
chr6B	281329951	281329952	-0.077095785
chr6B	300949128	300949129	-0.023860191
chr6B	314547539	314547540	-0.08314792
chr6B	372574286	372574287	-0.011433177
chr6B	377937132	377937133	-0.003893494
chr6B	409292749	409292750	-0.041339615
chr6B	423410571	423410572	0.072069597
chr6B	424085001	424085002	0.077775885
chr6B	433709932	433709933	0.295236202
chr6B	445008129	445008130	0.318587851
chr6B	450639506	450639507	0.265384617
chr6B	450799584	450799585	0.273567219
chr6B	452185748	452185749	0.096719557
chr6B	453278699	453278700	0.155462503
chr6B	463374714	463374715	0.210802488
chr6B	467459345	467459346	0.030246932
chr6B	480387843	480387844	0.046677928
chr6B	502318136	502318137	-0.123135965
chr6B	508819798	508819799	-0.274651116
chr6B	511423893	511423894	-0.134882051
chr6B	512236259	512236260	-0.180417765
chr6B	513690498	513690499	-0.092698467
chr6B	514677166	514677167	-0.045349982
chr6B	519406087	519406088	0.004566267
chr6B	523065843	523065844	0.043851981
chr6B	526716462	526716463	0.200101981
chr6B	554658287	554658288	0.208333333
chr6B	554791726	554791727	0.208333333
chr6B	561693162	561693163	0.175
chr6B	562597083	562597084	0.16344697
chr6B	563147479	563147480	0.152869568
chr6B	566553459	566553460	0.152869568
chr6B	577418684	577418685	0.036771083
chr6B	591249349	591249350	0.030974976
chr6B	592946006	592946007	0.041552377
chr6B	595212185	595212186	0.049470929
chr6B	597294876	597294877	0.028572288
chr6B	601132618	601132619	0.002171426
chr6B	617173648	617173649	0.002171426
chr6B	618942816	618942817	0.099551787
chr6B	623727493	623727494	0.105298913
chr6B	632305594	632305595	0.059844368
chr6B	636395373	636395374	0.101511034
chr6B	649919355	649919356	0.084527339
chr6B	659236175	659236176	0.153971783
chr6B	662514160	662514161	0.227700138
chr6B	664826109	664826110	0.206621707
chr6B	672883963	672883964	0.18901356
chr6B	684670981	684670982	0.171727075
chr6B	687131471	687131472	0.238879269
chr6B	692038076	692038077	0.177936508
chr6B	692044062	692044063	0.133452381
chr6B	692575205	692575206	0.095952381
chr6B	712346060	712346061	0.108333333
chr6B	719860059	719860060	0.086868687
chr6B	720061813	720061814	0.253535354
chr7A	531214	531215	0.106546598
chr7A	4474488	4474489	0.035038154
chr7A	4627495	4627496	0.016260837
chr7A	9752044	9752045	-0.071239163
chr7A	10902345	10902346	-0.200580929
chr7A	14189721	14189722	-0.219711158
chr7A	19900496	19900497	-0.262462169
chr7A	31076369	31076370	-0.508295502
chr7A	36860123	36860124	-0.458295502
chr7A	40570751	40570752	-0.39324129
chr7A	49367151	49367152	-0.232856341
chr7A	69975860	69975861	-0.107856341
chr7A	76514479	76514480	0.001851852
chr7A	78507730	78507731	-0.040918803
chr7A	83738261	83738262	0.184775641
chr7A	85031278	85031279	0.183386752
chr7A	85347401	85347402	0.162553419
chr7A	108814256	108814257	0.163194444
chr7A	109348122	109348123	-0.002086754
chr7A	110470784	110470785	0.095135468
chr7A	138011715	138011716	0.095135468
chr7A	154063581	154063582	0.157635468
chr7A	162537172	162537173	0.166666667
chr7A	168869570	168869571	0.042929293
chr7A	198000962	198000963	0.026262626
chr7A	217375003	217375004	-0.214478114
chr7A	220126766	220126767	-0.211041736
chr7A	239757270	239757271	-0.248447039
chr7A	241800374	241800375	-0.319893118
chr7A	288933229	288933230	-0.258928571
chr7A	290287160	290287161	-0.216269841
chr7A	310581061	310581062	-0.298786181
chr7A	342614787	342614788	-0.265756303
chr7A	371771291	371771292	-0.197077922
chr7A	375895906	375895907	-0.172727273
chr7A	396987330	396987331	-0.116408591
chr7A	407306286	407306287	-0.060789591
chr7A	428627637	428627638	-0.024425955
chr7A	432182118	432182119	-0.013062318
chr7A	450411991	450411992	-0.014092538
chr7A	499742227	499742228	-0.153044872
chr7A	507763053	507763054	-0.156532949
chr7A	509475817	509475818	-0.198199616
chr7A	516499588	516499589	-0.176107125
chr7A	524640861	524640862	-0.101107125
chr7A	536520217	536520218	-0.061255411
chr7A	538344563	538344564	-0.000169438
chr7A	546059567	546059568	0.09277928
chr7A	556559717	556559718	0.067943753
chr7A	561302083	561302084	0.048941228
chr7A	563507336	563507337	-0.149049507
chr7A	581352407	581352408	-0.294379177
chr7A	581846762	581846763	-0.273115079
chr7A	603097280	603097281	-0.250297619
chr7A	607554520	607554521	-0.180059524
chr7A	618117252	618117253	-0.080059524
chr7A	619166202	619166203	-0.026488095
chr7A	621911679	621911680	-0.016666667
chr7A	645038885	645038886	-0.036538462
chr7A	660323281	660323282	-0.10472028
chr7A	661166133	661166134	-0.194463869
chr7A	674106068	674106069	-0.274795926
chr7A	675588115	675588116	-0.177958004
chr7A	677723619	677723620	-0.058299884
chr7A	678149628	678149629	-0.017857143
chr7A	688964346	688964347	-0.074074074
chr7A	689922175	689922176	-0.067358567
chr7A	702977436	702977437	-0.066276316
chr7A	708143619	708143620	0.104138917
chr7A	709755934	709755935	0.16727023
chr7A	715700189	715700190	0.149202712
chr7A	719587909	719587910	0.228946579
chr7A	722303639	722303640	0.126571013
chr7A	727430227	727430228	0.118995256
chr7A	736514594	736514595	0.195317283
chr7B	119645	119646	0.097389431
chr7B	5919919	5919920	0.013180748
chr7B	28317681	28317682	0.053142384
chr7B	33075735	33075736	0.061191196
chr7B	61628162	61628163	0.091063492
chr7B	68346427	68346428	0.174479094
chr7B	78067338	78067339	0.18660079
chr7B	79307087	79307088	0.159339787
chr7B	114185757	114185758	0.158313217
chr7B	137026565	137026566	0.088884651
chr7B	162099240	162099241	-0.136553945
chr7B	173866058	173866059	-0.040740741
chr7B	178415393	178415394	0.005699173
chr7B	192766357	192766358	0.026406244
chr7B	197473099	197473100	0.099935656
chr7B	199495488	199495489	0.017532844
chr7B	218384075	218384076	-0.03081866
chr7B	226427832	226427833	-0.000136841
chr7B	253370907	253370908	0.146571842
chr7B	282332054	282332055	0.162167497
chr7B	333362319	333362320	0.374264271
chr7B	375912371	375912372	0.353430938
chr7B	393402885	393402886	0.23978199
chr7B	399337155	399337156	0.174672818
chr7B	418753905	418753906	-0.066993849
chr7B	419041033	419041034	-0.040478697
chr7B	422905533	422905534	0.017284007
chr7B	431663517	431663518	0.075390813
chr7B	432900746	432900747	0.129988514
chr7B	443343712	443343713	0.064843133
chr7B	448800193	448800194	0.112991281
chr7B	458990112	458990113	0.080921053
chr7B	470853340	470853341	0.117593193
chr7B	476199363	476199364	0.123366872
chr7B	490207936	490207937	0.035866872
chr7B	491923486	491923487	-0.018595638
chr7B	495006537	495006538	-0.045282146
chr7B	495338235	495338236	-0.06202877
chr7B	504194568	504194569	-0.038219246
chr7B	505939272	505939273	0.023752089
chr7B	512744008	512744009	0.005299708
chr7B	524517523	524517524	-0.048275642
chr7B	548386017	548386018	-0.229149849
chr7B	559533554	559533555	-0.273113926
chr7B	569942096	569942097	-0.170114284
chr7B	588085039	588085040	-0.136960713
chr7B	593435643	593435644	-0.041456721
chr7B	614913984	614913985	-0.096281283
chr7B	620593416	620593417	-0.024834283
chr7B	623933916	623933917	0.009540717
chr7B	649991953	649991954	-0.096148459
chr7B	654916479	654916480	0.053851541
chr7B	656516852	656516853	0.022002635
chr7B	672775560	672775561	-0.002997365
chr7B	673305618	673305619	0.083465086
chr7B	675315666	675315667	-0.045701581
chr7B	678126302	678126303	-0.113393871
chr7B	678772772	678772773	-0.186310538
chr7B	679634798	679634799	-0.139073355
chr7B	680202527	680202528	-0.07527341
chr7B	684484032	684484033	0.132380391
chr7B	693923296	693923297	0.178571429
chr7B	695371085	695371086	0.119047619
chr7B	708117038	708117039	-0.021446078
chr7B	711067076	711067077	-0.090895165
chr7B	717660233	717660234	-0.16286022
chr7B	717884727	717884728	-0.166105499
chr7B	730160508	730160509	-0.177469136
chr7B	733597449	733597450	-0.209876543
chr7B	733926071	733926072	-0.184391534
chr7B	744393801	744393802	-0.206475469
chr7B	745045330	745045331	-0.109742278
chr7B	747597301	747597302	-0.034300359
chr7B	750123445	750123446	-0.04081665
chrUn	1927931	1927932	-0.009451101
chrUn	7819199	7819200	0.026100091
chrUn	18025119	18025120	-0.077119606
chrUn	23524310	23524311	0.017690335
chrUn	32220057	32220058	-0.025925926
chrUn	35315520	35315521	0.085185185
chrUn	48424001	48424002	-0.023529412
chrUn	50832703	50832704	-0.035504202
chrUn	53426604	53426605	-0.18907563
chrUn	54300483	54300484	-0.18907563
chrUn	65438057	65438058	-0.196428571
chrUn	75076093	75076094	-0.198102679
chrUn	76409311	76409312	0.094105114
chrUn	81690790	81690791	0.106731376
chrUn	86621562	86621563	-0.018268624
chrUn	124958606	124958607	0.005652609
chrUn	252521086	252521087	-0.250840897
chrUn	304831167	304831168	-0.10721716
chrUn	420834887	420834888	0.04278284
